# 
# !!radialProfile!! *** Image tally disabled: the reported result is a radial profile of the detected signal.
#               Detector max radius: 20.000000 cm. Radial bins: 1000. Radial bin thickness: 0.020000 cm.
#               The output profile is normalized by the area of the radial bins (at bigger radius, the area is bigger).
# 
# 
#     *****************************************************************************
#     ***         MC-GPU, version 1.3 (http://code.google.com/p/mcgpu/)         ***
#     ***                                                                       ***
#     ***                     Andreu Badal (Andreu.Badal-Soler@fda.hhs.gov)     ***
#     *****************************************************************************
# 
#  *** SIMULATION IN THE GPU USING CUDA ***
#
#  Image created counting the energy arriving at each pixel: ideal energy integrating detector.
#  Pixel value units: eV/cm^2 per history (energy fluence).
#  Focal spot position = (0.49900001,0.00000000,0.49900001), cone beam direction = (0.00000000,1.00000000,0.00000000)
#  Pixel size:  0.020000 x 1.000000 = 0.020000 cm^2
#  Number of pixels in X and Z:  1000  1
#  (X rows given first, a blank line separates the different Z values)
# 
#  [NON-SCATTERED] [COMPTON] [RAYLEIGH] [MULTIPLE-SCATTING]    [Lower bin radius: angle = atan(radius/object-detector-dist]
# ==========================================================
14673706.80520384 0.00000000 0.45846843 0.00000000    0.00000
0.00000000 0.00000000 0.35307339 0.00000000    0.02000
0.00000000 0.00000000 0.20235848 0.00310742    0.04000
0.00000000 0.00000000 0.09937247 0.00206375    0.06000
0.00000000 0.00000000 0.07026336 0.00153141    0.08000
0.00000000 0.00000000 0.06036261 0.00398404    0.10000
0.00000000 0.00000000 0.03526680 0.00121610    0.12000
0.00000000 0.00000000 0.04637382 0.00309369    0.14000
0.00000000 0.00000000 0.02417886 0.00085312    0.16000
0.00000000 0.00000000 0.04326744 0.00077816    0.18000
0.00000000 0.00000000 0.04215802 0.00147590    0.20000
0.00000000 0.00000000 0.02680700 0.00132259    0.22000
0.00000000 0.00000000 0.02908903 0.00126179    0.24000
0.00000000 0.00000000 0.02751982 0.00053309    0.26000
0.00000000 0.00000000 0.03052822 0.00365431    0.28000
0.00000000 0.00000000 0.03110854 0.00198672    0.30000
0.00000000 0.00000000 0.02634876 0.00182218    0.32000
0.00000000 0.00000000 0.02032619 0.00179055    0.34000
0.00000000 0.00000000 0.02862757 0.00042728    0.36000
0.00000000 0.00000000 0.03121315 0.00152328    0.38000
0.00000000 0.00000000 0.03046174 0.00110891    0.40000
0.00000000 0.00000000 0.02205943 0.00142773    0.42000
0.00000000 0.00000000 0.02529481 0.00103784    0.44000
0.00000000 0.00000000 0.19643842 0.00162929    0.46000
0.00000000 0.00000000 0.36619399 0.00216674    0.48000
0.00000000 0.00000000 0.33974401 0.00179813    0.50000
0.00000000 0.00000000 0.37464954 0.00259744    0.52000
0.00000000 0.00000000 0.35527710 0.00162302    0.54000
0.00000000 0.00000000 0.35362810 0.00055471    0.56000
0.00000000 0.00000000 0.35744996 0.00185544    0.58000
0.00000000 0.00000000 0.36413123 0.00177399    0.60000
0.00000000 0.00000000 0.36160537 0.00121018    0.62000
0.00000000 0.00000000 0.33783164 0.00213042    0.64000
0.00000000 0.00000000 0.34119678 0.00202066    0.66000
0.00000000 0.00000000 0.35536458 0.00089568    0.68000
0.00000000 0.00000000 0.35403827 0.00300014    0.70000
0.00000000 0.00000000 0.35495028 0.00166585    0.72000
0.00000000 0.00000000 0.35876472 0.00177703    0.74000
0.00000000 0.00000000 0.35889065 0.00177386    0.76000
0.00000000 0.00000000 0.35640867 0.00172814    0.78000
0.00000000 0.00000000 0.34702293 0.00037448    0.80000
0.00000000 0.00000000 0.37256512 0.00124904    0.82000
0.00000000 0.00000000 0.34947756 0.00109372    0.84000
0.00000000 0.00000000 0.35725284 0.00103942    0.86000
0.00000000 0.00000000 0.34354046 0.00187449    0.88000
0.00000000 0.00000000 0.37212557 0.00160728    0.90000
0.00000000 0.00016986 0.35477331 0.00112695    0.92000
0.00000000 0.00000000 0.36244800 0.00195730    0.94000
0.00000000 0.00000000 0.36002729 0.00204962    0.96000
0.00000000 0.00000000 0.35195556 0.00186427    0.98000
0.00000000 0.00000000 0.34936891 0.00177020    1.00000
0.00000000 0.00000000 0.37788727 0.00225747    1.02000
0.00000000 0.00000000 0.34885758 0.00167248    1.04000
0.00000000 0.00000000 0.35445239 0.00171194    1.06000
0.00000000 0.00000000 0.35636094 0.00140182    1.08000
0.00000000 0.00000000 0.34865819 0.00041178    1.10000
0.00000000 0.00000000 0.36235375 0.00120956    1.12000
0.00000000 0.00000000 0.35027813 0.00211776    1.14000
0.00000000 0.00000000 0.35239778 0.00091501    1.16000
0.00000000 0.00013274 0.35218771 0.00142027    1.18000
0.00000000 0.00013055 0.34754232 0.00113299    1.20000
0.00000000 0.00012844 0.34908894 0.00173184    1.22000
0.00000000 0.00025274 0.34868895 0.00137025    1.24000
0.00000000 0.00024872 0.34817708 0.00167893    1.26000
0.00000000 0.00036738 0.34964192 0.00178078    1.28000
0.00000000 0.00000000 0.33826981 0.00094891    1.30000
0.00000000 0.00011877 0.35113190 0.00127463    1.32000
0.00000000 0.00011702 0.34628126 0.00100686    1.34000
0.00000000 0.00011530 0.35138091 0.00210969    1.36000
0.00000000 0.00022730 0.34336794 0.00189438    1.38000
0.00000000 0.00011202 0.35430673 0.00099364    1.40000
0.00000000 0.00011045 0.34338146 0.00126859    1.42000
0.00000000 0.00032682 0.33679167 0.00178159    1.44000
0.00000000 0.00032240 0.35447148 0.00071940    1.46000
0.00000000 0.00031806 0.34727312 0.00162949    1.48000
0.00000000 0.00010461 0.35345728 0.00101197    1.50000
0.00000000 0.00051619 0.35482997 0.00150115    1.52000
0.00000000 0.00101917 0.35218943 0.00159020    1.54000
0.00000000 0.00040247 0.34448067 0.00155805    1.56000
0.00000000 0.00089412 0.33497726 0.00095849    1.58000
0.00000000 0.00068680 0.33984991 0.00178243    1.60000
0.00000000 0.00058145 0.34576686 0.00153189    1.62000
0.00000000 0.00114880 0.34071342 0.00219518    1.64000
0.00000000 0.00085131 0.34600498 0.00163371    1.66000
0.00000000 0.00112157 0.34434244 0.00160792    1.68000
0.00000000 0.00092376 0.34687912 0.00125595    1.70000
0.00000000 0.00109563 0.33957917 0.00148934    1.72000
0.00000000 0.00099296 0.34708093 0.00139701    1.74000
0.00000000 0.00098165 0.34235525 0.00118871    1.76000
0.00000000 0.00123540 0.34347596 0.00109437    1.78000
0.00000000 0.00087269 0.33330454 0.00160539    1.80000
0.00000000 0.00129468 0.34538473 0.00142866    1.82000
0.00000000 0.00119533 0.33900172 0.00130424    1.84000
0.00000000 0.00118253 0.34611280 0.00156597    1.86000
0.00000000 0.00142070 0.34454141 0.00229276    1.88000
0.00000000 0.00140588 0.34689315 0.00131138    1.90000
0.00000000 0.00204607 0.34067718 0.00168472    1.92000
0.00000000 0.00145799 0.33183223 0.00100707    1.94000
0.00000000 0.00144326 0.33729088 0.00140637    1.96000
0.00000000 0.00142876 0.34041539 0.00159063    1.98000
0.00000000 0.00180739 0.33285956 0.00103265    2.00000
0.00000000 0.00163389 0.33261740 0.00179306    2.02000
0.00000000 0.00130976 0.34016892 0.00148651    2.04000
0.00000000 0.00274710 0.33161251 0.00189314    2.06000
0.00000000 0.00279633 0.33335594 0.00144717    2.08000
0.00000000 0.00217086 0.32442691 0.00130130    2.10000
0.00000000 0.00207628 0.33399837 0.00128514    2.12000
0.00000000 0.00205702 0.33758277 0.00147364    2.14000
0.00000000 0.00240189 0.33374287 0.00146913    2.16000
0.00000000 0.00245222 0.33271626 0.00145090    2.18000
0.00000000 0.00214412 0.33542806 0.00153428    2.20000
0.00000000 0.00205404 0.32766987 0.00182888    2.22000
0.00000000 0.00231656 0.32637331 0.00160077    2.24000
0.00000000 0.00285290 0.33101936 0.00127288    2.26000
0.00000000 0.00296582 0.32833547 0.00167561    2.28000
0.00000000 0.00259825 0.32884621 0.00126843    2.30000
0.00000000 0.00352505 0.32480218 0.00119359    2.32000
0.00000000 0.00336054 0.33091800 0.00075643    2.34000
0.00000000 0.00333234 0.32805874 0.00137982    2.36000
0.00000000 0.00297397 0.32769479 0.00145284    2.38000
0.00000000 0.00347333 0.32740248 0.00220355    2.40000
0.00000000 0.00331479 0.32900168 0.00124984    2.42000
0.00000000 0.00335230 0.32760650 0.00142251    2.44000
0.00000000 0.00505131 0.32380173 0.00198889    2.46000
0.00000000 0.00399621 0.32367706 0.00167145    2.48000
0.00000000 0.00446749 0.32941199 0.00138701    2.50000
0.00000000 0.00480697 0.32030928 0.00187334    2.52000
0.00000000 0.00538859 0.32058692 0.00107038    2.54000
0.00000000 0.00424051 0.31766147 0.00148081    2.56000
0.00000000 0.00329288 0.31362146 0.00135856    2.58000
0.00000000 0.00405448 0.32472575 0.00151872    2.60000
0.00000000 0.00480421 0.32267714 0.00127653    2.62000
0.00000000 0.00435098 0.31367950 0.00099175    2.64000
0.00000000 0.00467305 0.32281672 0.00149033    2.66000
0.00000000 0.00504912 0.31459832 0.00146483    2.68000
0.00000000 0.00425441 0.32038537 0.00175468    2.70000
0.00000000 0.00457014 0.31259474 0.00134876    2.72000
0.00000000 0.00534126 0.32101413 0.00098948    2.74000
0.00000000 0.00541659 0.30927927 0.00120139    2.76000
0.00000000 0.00475504 0.31811170 0.00196425    2.78000
0.00000000 0.00511432 0.31410348 0.00112581    2.80000
0.00000000 0.00558060 0.31953691 0.00219154    2.82000
0.00000000 0.00509814 0.31219120 0.00116214    2.84000
0.00000000 0.00627313 0.31073176 0.00111018    2.86000
0.00000000 0.00617514 0.31344996 0.00189196    2.88000
0.00000000 0.00477583 0.30988315 0.00125967    2.90000
0.00000000 0.00576738 0.30533986 0.00119726    2.92000
0.00000000 0.00669182 0.30948628 0.00163436    2.94000
0.00000000 0.00590233 0.31442854 0.00162551    2.96000
0.00000000 0.00596851 0.31581501 0.00124973    2.98000
0.00000000 0.00603350 0.31776080 0.00155458    3.00000
0.00000000 0.00599367 0.30434122 0.00121652    3.02000
0.00000000 0.00647212 0.30612940 0.00155099    3.04000
0.00000000 0.00632727 0.30578294 0.00154605    3.06000
0.00000000 0.00649084 0.30784561 0.00121588    3.08000
0.00000000 0.00614427 0.30246004 0.00127154    3.10000
0.00000000 0.00797169 0.30007281 0.00146109    3.12000
0.00000000 0.00736994 0.30895803 0.00112167    3.14000
0.00000000 0.00737284 0.30486430 0.00115417    3.16000
0.00000000 0.00772290 0.30979204 0.00144840    3.18000
0.00000000 0.00747792 0.29500761 0.00170155    3.20000
0.00000000 0.00718699 0.30213789 0.00162955    3.22000
0.00000000 0.00850369 0.30290535 0.00088166    3.24000
0.00000000 0.00738854 0.30076264 0.00098170    3.26000
0.00000000 0.00777580 0.29484983 0.00120153    3.28000
0.00000000 0.00739512 0.30242964 0.00143340    3.30000
0.00000000 0.00782459 0.29667280 0.00142398    3.32000
0.00000000 0.00843776 0.29829943 0.00159341    3.34000
0.00000000 0.00913785 0.29005528 0.00146457    3.36000
0.00000000 0.00754666 0.30172828 0.00156907    3.38000
0.00000000 0.00801180 0.29318984 0.00179343    3.40000
0.00000000 0.00796470 0.29631985 0.00118145    3.42000
0.00000000 0.00942913 0.29698490 0.00122734    3.44000
0.00000000 0.00860086 0.29486313 0.00170715    3.46000
0.00000000 0.00941144 0.29661607 0.00101435    3.48000
0.00000000 0.00805315 0.29447555 0.00100750    3.50000
0.00000000 0.00881256 0.29285191 0.00145707    3.52000
0.00000000 0.00920772 0.29111298 0.00153788    3.54000
0.00000000 0.01119105 0.29457471 0.00152967    3.56000
0.00000000 0.00919303 0.28729690 0.00147918    3.58000
0.00000000 0.00927287 0.28697522 0.00198678    3.60000
0.00000000 0.00978793 0.29305919 0.00108949    3.62000
0.00000000 0.00878208 0.28863803 0.00112522    3.64000
0.00000000 0.01032613 0.28534200 0.00138225    3.66000
0.00000000 0.01022743 0.29604867 0.00158754    3.68000
0.00000000 0.00987441 0.28754949 0.00103148    3.70000
0.00000000 0.01011750 0.28583813 0.00161591    3.72000
0.00000000 0.00871624 0.28397640 0.00116502    3.74000
0.00000000 0.01097376 0.28255376 0.00132703    3.76000
0.00000000 0.01141574 0.28381577 0.00131617    3.78000
0.00000000 0.01031907 0.27850847 0.00115190    3.80000
0.00000000 0.00939996 0.28097547 0.00118871    3.82000
0.00000000 0.00947401 0.28288303 0.00112356    3.84000
0.00000000 0.01040422 0.28366789 0.00136374    3.86000
0.00000000 0.01043180 0.28021805 0.00180762    3.88000
0.00000000 0.01082304 0.27320497 0.00121013    3.90000
0.00000000 0.01036607 0.28267594 0.00151067    3.92000
0.00000000 0.01039289 0.27836298 0.00136961    3.94000
0.00000000 0.01097705 0.27636332 0.00174008    3.96000
0.00000000 0.01096152 0.27565162 0.00113141    3.98000
0.00000000 0.01169474 0.28157034 0.00150444    4.00000
0.00000000 0.01198920 0.27385711 0.00134725    4.02000
0.00000000 0.01072139 0.27168499 0.00171234    4.04000
0.00000000 0.01214322 0.27365162 0.00155707    4.06000
0.00000000 0.01246957 0.27536709 0.00156195    4.08000
0.00000000 0.01156366 0.27545032 0.00122908    4.10000
0.00000000 0.01196559 0.26783866 0.00142638    4.12000
0.00000000 0.01270702 0.27104303 0.00120144    4.14000
0.00000000 0.01139682 0.26629308 0.00112537    4.16000
0.00000000 0.01228493 0.27177583 0.00154263    4.18000
0.00000000 0.01117588 0.27067249 0.00150804    4.20000
0.00000000 0.01265346 0.26696340 0.00134983    4.22000
0.00000000 0.01344823 0.26946412 0.00135183    4.24000
0.00000000 0.01231298 0.26575841 0.00142365    4.26000
0.00000000 0.01291806 0.26960494 0.00169137    4.28000
0.00000000 0.01223520 0.27033461 0.00146271    4.30000
0.00000000 0.01392891 0.26514277 0.00120740    4.32000
0.00000000 0.01281215 0.26192485 0.00152901    4.34000
0.00000000 0.01203161 0.26322231 0.00115531    4.36000
0.00000000 0.01255108 0.26706479 0.00147014    4.38000
0.00000000 0.01363997 0.26377439 0.00119670    4.40000
0.00000000 0.01275907 0.25790856 0.00099786    4.42000
0.00000000 0.01341073 0.26456524 0.00135312    4.44000
0.00000000 0.01384577 0.25676778 0.00129785    4.46000
0.00000000 0.01237802 0.25893378 0.00169160    4.48000
0.00000000 0.01295260 0.25768036 0.00117867    4.50000
0.00000000 0.01286056 0.26216144 0.00134991    4.52000
0.00000000 0.01311546 0.25656164 0.00150192    4.54000
0.00000000 0.01464761 0.25751445 0.00103380    4.56000
0.00000000 0.01324225 0.25449802 0.00171496    4.58000
0.00000000 0.01390431 0.25654890 0.00119393    4.60000
0.00000000 0.01319560 0.25567972 0.00131351    4.62000
0.00000000 0.01412411 0.25158816 0.00078590    4.64000
0.00000000 0.01382664 0.24878420 0.00111591    4.66000
0.00000000 0.01289248 0.25193684 0.00142401    4.68000
0.00000000 0.01498287 0.25120270 0.00116181    4.70000
0.00000000 0.01508654 0.24516045 0.00128675    4.72000
0.00000000 0.01435820 0.25155023 0.00105386    4.74000
0.00000000 0.01452980 0.24916978 0.00149599    4.76000
0.00000000 0.01423858 0.24941659 0.00143121    4.78000
0.00000000 0.01470483 0.25022010 0.00087694    4.80000
0.00000000 0.01457746 0.24754742 0.00115918    4.82000
0.00000000 0.01546165 0.24809123 0.00138804    4.84000
0.00000000 0.01491101 0.24421567 0.00165161    4.86000
0.00000000 0.01436617 0.24522128 0.00138032    4.88000
0.00000000 0.01630037 0.24380384 0.00172804    4.90000
0.00000000 0.01476232 0.25079958 0.00159591    4.92000
0.00000000 0.01588203 0.24119495 0.00115241    4.94000
0.00000000 0.01632601 0.24264186 0.00147822    4.96000
0.00000000 0.01632427 0.24144758 0.00109963    4.98000
0.00000000 0.01632100 0.24278726 0.00102514    5.00000
0.00000000 0.01600597 0.23918179 0.00105815    5.02000
0.00000000 0.01553624 0.24264860 0.00138831    5.04000
0.00000000 0.01625231 0.23738830 0.00125874    5.06000
0.00000000 0.01684095 0.23682825 0.00162595    5.08000
0.00000000 0.01628032 0.23825261 0.00137739    5.10000
0.00000000 0.01553964 0.23649168 0.00108367    5.12000
0.00000000 0.01603037 0.23400769 0.00135006    5.14000
0.00000000 0.01648815 0.23655784 0.00088379    5.16000
0.00000000 0.01526867 0.23741299 0.00127654    5.18000
0.00000000 0.01614922 0.23076659 0.00137731    5.20000
0.00000000 0.01684145 0.23039799 0.00147828    5.22000
0.00000000 0.01689802 0.22774363 0.00119411    5.24000
0.00000000 0.01578511 0.22786928 0.00138950    5.26000
0.00000000 0.01638224 0.22638018 0.00105399    5.28000
0.00000000 0.01703382 0.23011251 0.00181531    5.30000
0.00000000 0.01640710 0.23283801 0.00133891    5.32000
0.00000000 0.01720136 0.23057874 0.00187309    5.34000
0.00000000 0.01719697 0.22868957 0.00128234    5.36000
0.00000000 0.01757139 0.22303077 0.00144217    5.38000
0.00000000 0.01718462 0.22656037 0.00143465    5.40000
0.00000000 0.01671491 0.21926245 0.00107762    5.42000
0.00000000 0.01708875 0.22457846 0.00113719    5.44000
0.00000000 0.01806361 0.22294808 0.00164504    5.46000
0.00000000 0.01730829 0.22346052 0.00154359    5.48000
0.00000000 0.01607140 0.22325195 0.00122817    5.50000
0.00000000 0.01783966 0.22250170 0.00168299    5.52000
0.00000000 0.01914028 0.21962048 0.00126849    5.54000
0.00000000 0.01844838 0.22189724 0.00154730    5.56000
0.00000000 0.01753514 0.22220631 0.00135777    5.58000
0.00000000 0.01887894 0.22031509 0.00141364    5.60000
0.00000000 0.01724240 0.21877427 0.00132197    5.62000
0.00000000 0.01773984 0.21562146 0.00144602    5.64000
0.00000000 0.01803966 0.21664536 0.00107036    5.66000
0.00000000 0.01839116 0.21760649 0.00131868    5.68000
0.00000000 0.01810614 0.21637362 0.00126200    5.70000
0.00000000 0.01754652 0.21172815 0.00135376    5.72000
0.00000000 0.01825431 0.21561076 0.00118046    5.74000
0.00000000 0.01696064 0.21406884 0.00145766    5.76000
0.00000000 0.01856421 0.21231913 0.00120668    5.78000
0.00000000 0.01934153 0.21147941 0.00080850    5.80000
0.00000000 0.01846399 0.21251654 0.00159480    5.82000
0.00000000 0.01783335 0.20922267 0.00143569    5.84000
0.00000000 0.01884810 0.20724400 0.00138281    5.86000
0.00000000 0.01948185 0.21040536 0.00169414    5.88000
0.00000000 0.01831908 0.20725908 0.00087413    5.90000
0.00000000 0.01884339 0.21546443 0.00155988    5.92000
0.00000000 0.01885996 0.20753966 0.00173921    5.94000
0.00000000 0.01895532 0.20729457 0.00129576    5.96000
0.00000000 0.01999843 0.20594261 0.00145627    5.98000
0.00000000 0.01767376 0.20691449 0.00142953    6.00000
0.00000000 0.01834787 0.20386862 0.00123629    6.02000
0.00000000 0.01959021 0.20303788 0.00113609    6.04000
0.00000000 0.02012417 0.19960814 0.00162312    6.06000
0.00000000 0.01897008 0.20105532 0.00127831    6.08000
0.00000000 0.01808131 0.20489934 0.00138888    6.10000
0.00000000 0.01915561 0.20268343 0.00148732    6.12000
0.00000000 0.01952847 0.20086752 0.00137341    6.14000
0.00000000 0.02000207 0.20201001 0.00112727    6.16000
0.00000000 0.01927480 0.19921195 0.00120361    6.18000
0.00000000 0.02010183 0.19869766 0.00095585    6.20000
0.00000000 0.01859359 0.19427876 0.00123340    6.22000
0.00000000 0.01956949 0.19522534 0.00126710    6.24000
0.00000000 0.02046355 0.19682146 0.00168156    6.26000
0.00000000 0.02137685 0.19943791 0.00170600    6.28000
0.00000000 0.02120856 0.19469688 0.00105399    6.30000
0.00000000 0.01924755 0.19340739 0.00152224    6.32000
0.00000000 0.01906158 0.19548705 0.00115249    6.34000
0.00000000 0.01929961 0.19080308 0.00163325    6.36000
0.00000000 0.02111573 0.19213565 0.00153190    6.38000
0.00000000 0.02026120 0.19308996 0.00134893    6.40000
0.00000000 0.02122910 0.19037491 0.00123677    6.42000
0.00000000 0.01979442 0.19076502 0.00147050    6.44000
0.00000000 0.02085421 0.18895360 0.00145727    6.46000
0.00000000 0.02183603 0.19036878 0.00145080    6.48000
0.00000000 0.02113856 0.18859398 0.00136110    6.50000
0.00000000 0.01957568 0.18842793 0.00148287    6.52000
0.00000000 0.02091358 0.18686299 0.00124653    6.54000
0.00000000 0.02053609 0.19168422 0.00177510    6.56000
0.00000000 0.02135987 0.18980703 0.00139188    6.58000
0.00000000 0.02036554 0.18856305 0.00133232    6.60000
0.00000000 0.02118333 0.18363059 0.00123689    6.62000
0.00000000 0.01998138 0.17951232 0.00134066    6.64000
0.00000000 0.02133999 0.18558692 0.00150448    6.66000
0.00000000 0.02139431 0.17931336 0.00115214    6.68000
0.00000000 0.02123570 0.18108784 0.00115338    6.70000
0.00000000 0.02077390 0.18007988 0.00117960    6.72000
0.00000000 0.02050261 0.18273158 0.00143321    6.74000
0.00000000 0.02044201 0.17836204 0.00157474    6.76000
0.00000000 0.01982363 0.17499613 0.00125017    6.78000
0.00000000 0.02064632 0.17996087 0.00132886    6.80000
0.00000000 0.02176382 0.17596188 0.00146899    6.82000
0.00000000 0.02022558 0.17967162 0.00096575    6.84000
0.00000000 0.02124670 0.17735362 0.00121809    6.86000
0.00000000 0.02067993 0.17771072 0.00148159    6.88000
0.00000000 0.02057463 0.17703621 0.00134002    6.90000
0.00000000 0.02352027 0.17558996 0.00146701    6.92000
0.00000000 0.02129605 0.17271897 0.00137883    6.94000
0.00000000 0.02069037 0.17040881 0.00115127    6.96000
0.00000000 0.02124140 0.16980815 0.00119721    6.98000
0.00000000 0.02077574 0.17078958 0.00144324    7.00000
0.00000000 0.02311836 0.16938167 0.00128085    7.02000
0.00000000 0.02128440 0.17172664 0.00135703    7.04000
0.00000000 0.02229529 0.16788670 0.00145057    7.06000
0.00000000 0.02345644 0.17133755 0.00124188    7.08000
0.00000000 0.02165937 0.16849865 0.00108620    7.10000
0.00000000 0.02297091 0.17033199 0.00127859    7.12000
0.00000000 0.02275163 0.17069574 0.00126208    7.14000
0.00000000 0.02297453 0.16490576 0.00140813    7.16000
0.00000000 0.02282138 0.16710757 0.00139310    7.18000
0.00000000 0.02227769 0.16653440 0.00130501    7.20000
0.00000000 0.02293501 0.15979812 0.00120941    7.22000
0.00000000 0.02335037 0.16596448 0.00145815    7.24000
0.00000000 0.02359003 0.16442061 0.00134718    7.26000
0.00000000 0.02242202 0.16570443 0.00145889    7.28000
0.00000000 0.02290041 0.16313163 0.00131984    7.30000
0.00000000 0.02236414 0.16326885 0.00123030    7.32000
0.00000000 0.02324806 0.16166309 0.00141018    7.34000
0.00000000 0.02211463 0.16268304 0.00110382    7.36000
0.00000000 0.02384835 0.15999652 0.00135830    7.38000
0.00000000 0.02282504 0.15990604 0.00140244    7.40000
0.00000000 0.02450347 0.15775212 0.00119302    7.42000
0.00000000 0.02361228 0.15800768 0.00126034    7.44000
0.00000000 0.02278812 0.15644180 0.00129532    7.46000
0.00000000 0.02306537 0.15938010 0.00129564    7.48000
0.00000000 0.02380118 0.15407183 0.00118865    7.50000
0.00000000 0.02363390 0.15704281 0.00110824    7.52000
0.00000000 0.02296520 0.15601956 0.00123818    7.54000
0.00000000 0.02325863 0.15640095 0.00123138    7.56000
0.00000000 0.02267790 0.15459328 0.00114284    7.58000
0.00000000 0.02315752 0.15624365 0.00106031    7.60000
0.00000000 0.02384077 0.15106853 0.00112370    7.62000
0.00000000 0.02313774 0.15288481 0.00131185    7.64000
0.00000000 0.02357245 0.15044558 0.00131344    7.66000
0.00000000 0.02324396 0.15311748 0.00108687    7.68000
0.00000000 0.02299852 0.14913193 0.00128078    7.70000
0.00000000 0.02324617 0.15044358 0.00102842    7.72000
0.00000000 0.02408066 0.15089170 0.00135718    7.74000
0.00000000 0.02326794 0.15001499 0.00106344    7.76000
0.00000000 0.02476688 0.14638275 0.00108795    7.78000
0.00000000 0.02470402 0.15125066 0.00122720    7.80000
0.00000000 0.02347158 0.14716944 0.00131025    7.82000
0.00000000 0.02319110 0.14788200 0.00116841    7.84000
0.00000000 0.02353218 0.14716469 0.00136579    7.86000
0.00000000 0.02423323 0.14717235 0.00128759    7.88000
0.00000000 0.02371165 0.14620064 0.00134348    7.90000
0.00000000 0.02287563 0.14682872 0.00145315    7.92000
0.00000000 0.02450590 0.14528607 0.00147858    7.94000
0.00000000 0.02395022 0.14077577 0.00110305    7.96000
0.00000000 0.02333665 0.14224373 0.00120022    7.98000
0.00000000 0.02448031 0.14299383 0.00110911    8.00000
0.00000000 0.02322026 0.14173205 0.00114553    8.02000
0.00000000 0.02412192 0.14157631 0.00133548    8.04000
0.00000000 0.02261582 0.14242044 0.00123439    8.06000
0.00000000 0.02347605 0.14163843 0.00138945    8.08000
0.00000000 0.02392346 0.14068484 0.00136366    8.10000
0.00000000 0.02434922 0.14098045 0.00130662    8.12000
0.00000000 0.02392129 0.14020773 0.00128284    8.14000
0.00000000 0.02459833 0.13702000 0.00128247    8.16000
0.00000000 0.02530817 0.13521836 0.00168962    8.18000
0.00000000 0.02436260 0.13641020 0.00142545    8.20000
0.00000000 0.02384179 0.13636684 0.00156706    8.22000
0.00000000 0.02426236 0.13860406 0.00132248    8.24000
0.00000000 0.02487052 0.13668220 0.00095053    8.26000
0.00000000 0.02507840 0.13394960 0.00108080    8.28000
0.00000000 0.02515082 0.13467355 0.00106840    8.30000
0.00000000 0.02510784 0.13461591 0.00111281    8.32000
0.00000000 0.02497202 0.13294922 0.00111686    8.34000
0.00000000 0.02538342 0.13644691 0.00121353    8.36000
0.00000000 0.02438285 0.13316331 0.00109519    8.38000
0.00000000 0.02462429 0.12792151 0.00120088    8.40000
0.00000000 0.02449044 0.13110618 0.00162182    8.42000
0.00000000 0.02456482 0.13171262 0.00089977    8.44000
0.00000000 0.02588409 0.12893783 0.00118797    8.46000
0.00000000 0.02439302 0.13139000 0.00124547    8.48000
0.00000000 0.02426213 0.13024523 0.00100984    8.50000
0.00000000 0.02527700 0.12539909 0.00124056    8.52000
0.00000000 0.02589926 0.12845252 0.00120337    8.54000
0.00000000 0.02613291 0.12791293 0.00099944    8.56000
0.00000000 0.02482400 0.12827767 0.00114734    8.58000
0.00000000 0.02449137 0.12627207 0.00121767    8.60000
0.00000000 0.02574956 0.12801284 0.00109997    8.62000
0.00000000 0.02550726 0.12351324 0.00138475    8.64000
0.00000000 0.02388468 0.12625524 0.00113565    8.66000
0.00000000 0.02495577 0.12481853 0.00117974    8.68000
0.00000000 0.02495173 0.12462268 0.00108950    8.70000
0.00000000 0.02561789 0.12294277 0.00109296    8.72000
0.00000000 0.02537839 0.12361935 0.00119358    8.74000
0.00000000 0.02488932 0.12214768 0.00130132    8.76000
0.00000000 0.02475996 0.12526902 0.00105822    8.78000
0.00000000 0.02409488 0.12125215 0.00123300    8.80000
0.00000000 0.02566679 0.12006441 0.00104335    8.82000
0.00000000 0.02606983 0.11938221 0.00103621    8.84000
0.00000000 0.02547880 0.12012896 0.00121443    8.86000
0.00000000 0.02460513 0.12250840 0.00130737    8.88000
0.00000000 0.02492002 0.12028165 0.00113869    8.90000
0.00000000 0.02604837 0.12123380 0.00101341    8.92000
0.00000000 0.02669508 0.11921416 0.00112491    8.94000
0.00000000 0.02441967 0.12069318 0.00118656    8.96000
0.00000000 0.02443530 0.11757585 0.00109813    8.98000
0.00000000 0.02555300 0.11845537 0.00130943    9.00000
0.00000000 0.02486954 0.11614463 0.00105283    9.02000
0.00000000 0.02629424 0.11326764 0.00104685    9.04000
0.00000000 0.02427113 0.11625991 0.00119843    9.06000
0.00000000 0.02515606 0.11649109 0.00131489    9.08000
0.00000000 0.02456449 0.11701626 0.00109619    9.10000
0.00000000 0.02588947 0.11369504 0.00106930    9.12000
0.00000000 0.02602464 0.11731677 0.00107446    9.14000
0.00000000 0.02467749 0.11500932 0.00144235    9.16000
0.00000000 0.02656091 0.11358925 0.00133100    9.18000
0.00000000 0.02569956 0.11107676 0.00120424    9.20000
0.00000000 0.02540442 0.11200079 0.00138035    9.22000
0.00000000 0.02502387 0.11133135 0.00127480    9.24000
0.00000000 0.02471498 0.11228494 0.00132271    9.26000
0.00000000 0.02573140 0.11057971 0.00113636    9.28000
0.00000000 0.02504991 0.11007046 0.00115357    9.30000
0.00000000 0.02628082 0.11032590 0.00118349    9.32000
0.00000000 0.02521189 0.11110441 0.00122038    9.34000
0.00000000 0.02489082 0.11196395 0.00130917    9.36000
0.00000000 0.02471734 0.10775212 0.00130406    9.38000
0.00000000 0.02478362 0.10916955 0.00112252    9.40000
0.00000000 0.02573330 0.10885419 0.00113740    9.42000
0.00000000 0.02537792 0.10785426 0.00120392    9.44000
0.00000000 0.02560744 0.10740945 0.00108116    9.46000
0.00000000 0.02515387 0.10476756 0.00096701    9.48000
0.00000000 0.02599713 0.10587713 0.00102759    9.50000
0.00000000 0.02612622 0.10650097 0.00130804    9.52000
0.00000000 0.02658020 0.10389413 0.00095239    9.54000
0.00000000 0.02510867 0.10542808 0.00105996    9.56000
0.00000000 0.02635461 0.10308163 0.00119910    9.58000
0.00000000 0.02629996 0.10439702 0.00122000    9.60000
0.00000000 0.02518285 0.10339221 0.00110747    9.62000
0.00000000 0.02493386 0.10145774 0.00109800    9.64000
0.00000000 0.02577702 0.10172202 0.00117476    9.66000
0.00000000 0.02515589 0.10260517 0.00119207    9.68000
0.00000000 0.02628834 0.10019584 0.00109372    9.70000
0.00000000 0.02558609 0.10002238 0.00124063    9.72000
0.00000000 0.02687641 0.10168189 0.00100313    9.74000
0.00000000 0.02541625 0.09992032 0.00105419    9.76000
0.00000000 0.02542784 0.10126644 0.00130837    9.78000
0.00000000 0.02622817 0.10178518 0.00131182    9.80000
0.00000000 0.02561139 0.10181933 0.00134545    9.82000
0.00000000 0.02495446 0.10116319 0.00129066    9.84000
0.00000000 0.02544570 0.09804302 0.00127503    9.86000
0.00000000 0.02580942 0.09675776 0.00110645    9.88000
0.00000000 0.02694792 0.09640296 0.00105256    9.90000
0.00000000 0.02667366 0.09767350 0.00115960    9.92000
0.00000000 0.02474981 0.09792206 0.00125327    9.94000
0.00000000 0.02629530 0.09756705 0.00102743    9.96000
0.00000000 0.02632323 0.09370031 0.00127934    9.98000
0.00000000 0.02499379 0.09551886 0.00114198    10.00000
0.00000000 0.02635851 0.09588006 0.00110949    10.02000
0.00000000 0.02583638 0.09546903 0.00118641    10.04000
0.00000000 0.02653502 0.09488694 0.00107658    10.06000
0.00000000 0.02531110 0.09599932 0.00110735    10.08000
0.00000000 0.02602441 0.09476171 0.00117212    10.10000
0.00000000 0.02727834 0.09288913 0.00106395    10.12000
0.00000000 0.02711879 0.09719188 0.00128966    10.14000
0.00000000 0.02548406 0.09289687 0.00113329    10.16000
0.00000000 0.02643788 0.09151992 0.00125465    10.18000
0.00000000 0.02638685 0.09353939 0.00153315    10.20000
0.00000000 0.02656666 0.09045120 0.00107660    10.22000
0.00000000 0.02571522 0.09024386 0.00097514    10.24000
0.00000000 0.02495721 0.09202311 0.00126941    10.26000
0.00000000 0.02549085 0.09170598 0.00102341    10.28000
0.00000000 0.02744329 0.09103739 0.00116193    10.30000
0.00000000 0.02604859 0.09119783 0.00113131    10.32000
0.00000000 0.02602992 0.08888315 0.00126548    10.34000
0.00000000 0.02609797 0.09000757 0.00121694    10.36000
0.00000000 0.02518465 0.08774974 0.00117934    10.38000
0.00000000 0.02637738 0.08706481 0.00117811    10.40000
0.00000000 0.02721704 0.08770120 0.00130418    10.42000
0.00000000 0.02609440 0.08918236 0.00104808    10.44000
0.00000000 0.02646658 0.08747184 0.00116004    10.46000
0.00000000 0.02539467 0.08647618 0.00108632    10.48000
0.00000000 0.02575178 0.08777070 0.00109351    10.50000
0.00000000 0.02570028 0.08871500 0.00143100    10.52000
0.00000000 0.02740070 0.08718318 0.00144695    10.54000
0.00000000 0.02603588 0.08398200 0.00108959    10.56000
0.00000000 0.02637394 0.08688373 0.00130493    10.58000
0.00000000 0.02626410 0.08506602 0.00106560    10.60000
0.00000000 0.02734188 0.08756811 0.00113972    10.62000
0.00000000 0.02653360 0.08480590 0.00110221    10.64000
0.00000000 0.02688357 0.08506180 0.00122017    10.66000
0.00000000 0.02721767 0.08240334 0.00116070    10.68000
0.00000000 0.02625148 0.08372558 0.00105682    10.70000
0.00000000 0.02616126 0.08243503 0.00119441    10.72000
0.00000000 0.02660892 0.08163459 0.00128209    10.74000
0.00000000 0.02559418 0.08157106 0.00090711    10.76000
0.00000000 0.02679063 0.08221106 0.00122151    10.78000
0.00000000 0.02698427 0.08069887 0.00105452    10.80000
0.00000000 0.02680648 0.08160087 0.00111332    10.82000
0.00000000 0.02823732 0.08290753 0.00093101    10.84000
0.00000000 0.02637437 0.08012253 0.00119235    10.86000
0.00000000 0.02665867 0.08010604 0.00104414    10.88000
0.00000000 0.02686870 0.08023451 0.00125156    10.90000
0.00000000 0.02563753 0.08186678 0.00104390    10.92000
0.00000000 0.02655455 0.07950829 0.00096727    10.94000
0.00000000 0.02669298 0.07956509 0.00098950    10.96000
0.00000000 0.02650203 0.07582401 0.00116826    10.98000
0.00000000 0.02628051 0.07926167 0.00108089    11.00000
0.00000000 0.02646000 0.07953360 0.00129562    11.02000
0.00000000 0.02589892 0.07707191 0.00096939    11.04000
0.00000000 0.02657868 0.07771813 0.00113845    11.06000
0.00000000 0.02604606 0.07680818 0.00125346    11.08000
0.00000000 0.02605779 0.07657030 0.00118764    11.10000
0.00000000 0.02663242 0.07667418 0.00116861    11.12000
0.00000000 0.02512994 0.07788363 0.00107585    11.14000
0.00000000 0.02607199 0.07523904 0.00092535    11.16000
0.00000000 0.02610853 0.07760522 0.00094826    11.18000
0.00000000 0.02620277 0.07574622 0.00123532    11.20000
0.00000000 0.02736345 0.07677977 0.00086317    11.22000
0.00000000 0.02623441 0.07551906 0.00101637    11.24000
0.00000000 0.02495570 0.07398227 0.00107412    11.26000
0.00000000 0.02613943 0.07401925 0.00098770    11.28000
0.00000000 0.02701383 0.07488080 0.00109077    11.30000
0.00000000 0.02688296 0.07402304 0.00122258    11.32000
0.00000000 0.02725221 0.07424082 0.00115240    11.34000
0.00000000 0.02575019 0.07099566 0.00104318    11.36000
0.00000000 0.02618882 0.07270315 0.00099677    11.38000
0.00000000 0.02621076 0.07270041 0.00100778    11.40000
0.00000000 0.02657952 0.07092727 0.00095167    11.42000
0.00000000 0.02592692 0.07096906 0.00106726    11.44000
0.00000000 0.02622273 0.07316088 0.00105683    11.46000
0.00000000 0.02693218 0.06882324 0.00100983    11.48000
0.00000000 0.02698271 0.07136828 0.00118706    11.50000
0.00000000 0.02755038 0.07139531 0.00130089    11.52000
0.00000000 0.02573136 0.06928697 0.00120545    11.54000
0.00000000 0.02682914 0.06994605 0.00114456    11.56000
0.00000000 0.02622597 0.07023456 0.00109922    11.58000
0.00000000 0.02624523 0.07009996 0.00112767    11.60000
0.00000000 0.02580774 0.07137954 0.00125488    11.62000
0.00000000 0.02731945 0.06881437 0.00114003    11.64000
0.00000000 0.02704344 0.06919767 0.00115290    11.66000
0.00000000 0.02626785 0.06847071 0.00091084    11.68000
0.00000000 0.02665335 0.06804325 0.00100402    11.70000
0.00000000 0.02690468 0.06945021 0.00113181    11.72000
0.00000000 0.02630970 0.06599524 0.00108854    11.74000
0.00000000 0.02734623 0.06730687 0.00118338    11.76000
0.00000000 0.02652408 0.06819837 0.00097163    11.78000
0.00000000 0.02594527 0.06832383 0.00112132    11.80000
0.00000000 0.02636916 0.06677840 0.00111106    11.82000
0.00000000 0.02649837 0.06689250 0.00114350    11.84000
0.00000000 0.02610662 0.06739245 0.00127269    11.86000
0.00000000 0.02671080 0.06646802 0.00095480    11.88000
0.00000000 0.02637733 0.06448477 0.00101625    11.90000
0.00000000 0.02689789 0.06437667 0.00100865    11.92000
0.00000000 0.02640425 0.06540666 0.00097092    11.94000
0.00000000 0.02635985 0.06368608 0.00091200    11.96000
0.00000000 0.02643392 0.06566313 0.00079544    11.98000
0.00000000 0.02622143 0.06489561 0.00117717    12.00000
0.00000000 0.02737917 0.06602303 0.00113880    12.02000
0.00000000 0.02612004 0.06424724 0.00101363    12.04000
0.00000000 0.02601193 0.06365616 0.00102784    12.06000
0.00000000 0.02677330 0.06338086 0.00092085    12.08000
0.00000000 0.02652252 0.06278011 0.00102821    12.10000
0.00000000 0.02573867 0.06244200 0.00099485    12.12000
0.00000000 0.02643548 0.06262547 0.00124388    12.14000
0.00000000 0.02728515 0.06226275 0.00136927    12.16000
0.00000000 0.02629591 0.06306843 0.00107209    12.18000
0.00000000 0.02639460 0.06028493 0.00097715    12.20000
0.00000000 0.02730386 0.06171168 0.00097238    12.22000
0.00000000 0.02706692 0.06219168 0.00099072    12.24000
0.00000000 0.02683222 0.06243819 0.00082047    12.26000
0.00000000 0.02658195 0.06179631 0.00103054    12.28000
0.00000000 0.02578416 0.05978236 0.00101925    12.30000
0.00000000 0.02782014 0.06136504 0.00100485    12.32000
0.00000000 0.02652722 0.06016478 0.00095715    12.34000
0.00000000 0.02700711 0.06013141 0.00100086    12.36000
0.00000000 0.02613770 0.05931980 0.00095747    12.38000
0.00000000 0.02684400 0.06144081 0.00095664    12.40000
0.00000000 0.02671087 0.05967581 0.00114882    12.42000
0.00000000 0.02747585 0.05968153 0.00098410    12.44000
0.00000000 0.02551287 0.05919280 0.00091611    12.46000
0.00000000 0.02581287 0.05860437 0.00091078    12.48000
0.00000000 0.02536888 0.05904144 0.00091212    12.50000
0.00000000 0.02588109 0.05811447 0.00114067    12.52000
0.00000000 0.02631973 0.05865171 0.00118828    12.54000
0.00000000 0.02638787 0.05799243 0.00094230    12.56000
0.00000000 0.02659515 0.05717200 0.00106305    12.58000
0.00000000 0.02635233 0.05827234 0.00093855    12.60000
0.00000000 0.02566330 0.05731638 0.00114921    12.62000
0.00000000 0.02568453 0.05586354 0.00098034    12.64000
0.00000000 0.02576798 0.05734755 0.00093300    12.66000
0.00000000 0.02695522 0.05660935 0.00084757    12.68000
0.00000000 0.02582353 0.05689342 0.00125204    12.70000
0.00000000 0.02655017 0.05672952 0.00086926    12.72000
0.00000000 0.02625996 0.05740930 0.00102961    12.74000
0.00000000 0.02661470 0.05603187 0.00093826    12.76000
0.00000000 0.02662146 0.05537566 0.00128198    12.78000
0.00000000 0.02575392 0.05574583 0.00090863    12.80000
0.00000000 0.02576306 0.05637361 0.00109093    12.82000
0.00000000 0.02661742 0.05373917 0.00099271    12.84000
0.00000000 0.02637014 0.05391362 0.00092803    12.86000
0.00000000 0.02581305 0.05349882 0.00102830    12.88000
0.00000000 0.02621218 0.05342818 0.00123777    12.90000
0.00000000 0.02675692 0.05371234 0.00110149    12.92000
0.00000000 0.02585139 0.05369043 0.00109889    12.94000
0.00000000 0.02574715 0.05446088 0.00105120    12.96000
0.00000000 0.02681463 0.05286790 0.00103158    12.98000
0.00000000 0.02642349 0.05330915 0.00104089    13.00000
0.00000000 0.02608089 0.05268134 0.00118871    13.02000
0.00000000 0.02629187 0.05358187 0.00124950    13.04000
0.00000000 0.02675938 0.05380227 0.00107153    13.06000
0.00000000 0.02603058 0.05336983 0.00114157    13.08000
0.00000000 0.02601503 0.05396371 0.00096799    13.10000
0.00000000 0.02609326 0.05248480 0.00090221    13.12000
0.00000000 0.02524209 0.05242902 0.00094516    13.14000
0.00000000 0.02521614 0.05251746 0.00108009    13.16000
0.00000000 0.02587965 0.05152691 0.00108959    13.18000
0.00000000 0.02671199 0.05116167 0.00114004    13.20000
0.00000000 0.02637287 0.05079754 0.00097152    13.22000
0.00000000 0.02532187 0.05198561 0.00087693    13.24000
0.00000000 0.02628232 0.05065634 0.00084179    13.26000
0.00000000 0.02604126 0.05098455 0.00099260    13.28000
0.00000000 0.02629668 0.05080104 0.00111939    13.30000
0.00000000 0.02496826 0.05102132 0.00095833    13.32000
0.00000000 0.02499310 0.05015146 0.00105321    13.34000
0.00000000 0.02635368 0.04941427 0.00084873    13.36000
0.00000000 0.02653691 0.04964744 0.00091069    13.38000
0.00000000 0.02581590 0.04818227 0.00086324    13.40000
0.00000000 0.02583895 0.05024118 0.00101553    13.42000
0.00000000 0.02594892 0.04888528 0.00108653    13.44000
0.00000000 0.02647431 0.04819065 0.00084479    13.46000
0.00000000 0.02649049 0.05022867 0.00094735    13.48000
0.00000000 0.02638283 0.04852775 0.00099452    13.50000
0.00000000 0.02575011 0.04793021 0.00089430    13.52000
0.00000000 0.02564004 0.04780112 0.00092242    13.54000
0.00000000 0.02593090 0.04760252 0.00084407    13.56000
0.00000000 0.02575298 0.04788146 0.00108245    13.58000
0.00000000 0.02500881 0.04707929 0.00107577    13.60000
0.00000000 0.02705189 0.04673184 0.00112926    13.62000
0.00000000 0.02608879 0.04786788 0.00100180    13.64000
0.00000000 0.02597098 0.04599372 0.00101484    13.66000
0.00000000 0.02570064 0.04649238 0.00078352    13.68000
0.00000000 0.02543272 0.04664365 0.00105358    13.70000
0.00000000 0.02664647 0.04674842 0.00092936    13.72000
0.00000000 0.02638641 0.04592158 0.00108797    13.74000
0.00000000 0.02552747 0.04593525 0.00088072    13.76000
0.00000000 0.02643735 0.04588009 0.00107635    13.78000
0.00000000 0.02549634 0.04648906 0.00096777    13.80000
0.00000000 0.02565144 0.04523299 0.00113031    13.82000
0.00000000 0.02612960 0.04513343 0.00102606    13.84000
0.00000000 0.02633994 0.04498856 0.00108229    13.86000
0.00000000 0.02538504 0.04684730 0.00121201    13.88000
0.00000000 0.02539363 0.04456369 0.00103673    13.90000
0.00000000 0.02611299 0.04484018 0.00100981    13.92000
0.00000000 0.02554691 0.04474189 0.00106976    13.94000
0.00000000 0.02618780 0.04652244 0.00108263    13.96000
0.00000000 0.02437815 0.04443316 0.00118250    13.98000
0.00000000 0.02480688 0.04439230 0.00093591    14.00000
0.00000000 0.02581720 0.04342756 0.00084428    14.02000
0.00000000 0.02562942 0.04445720 0.00100931    14.04000
0.00000000 0.02674663 0.04184340 0.00107743    14.06000
0.00000000 0.02529986 0.04370266 0.00099405    14.08000
0.00000000 0.02615736 0.04412250 0.00085081    14.10000
0.00000000 0.02613358 0.04376915 0.00099595    14.12000
0.00000000 0.02545007 0.04232188 0.00095374    14.14000
0.00000000 0.02490028 0.04198323 0.00096261    14.16000
0.00000000 0.02539980 0.04279306 0.00082762    14.18000
0.00000000 0.02560503 0.04360062 0.00099718    14.20000
0.00000000 0.02626523 0.04233948 0.00118439    14.22000
0.00000000 0.02595670 0.04170315 0.00102618    14.24000
0.00000000 0.02459517 0.04173333 0.00105313    14.26000
0.00000000 0.02509778 0.04093369 0.00103426    14.28000
0.00000000 0.02616338 0.04156144 0.00091766    14.30000
0.00000000 0.02607444 0.04195576 0.00090257    14.32000
0.00000000 0.02491690 0.04183118 0.00074644    14.34000
0.00000000 0.02605443 0.03997971 0.00106133    14.36000
0.00000000 0.02591960 0.04129742 0.00095557    14.38000
0.00000000 0.02513920 0.04166798 0.00103655    14.40000
0.00000000 0.02542045 0.04053655 0.00091749    14.42000
0.00000000 0.02475236 0.04110407 0.00093389    14.44000
0.00000000 0.02535196 0.04095985 0.00097651    14.46000
0.00000000 0.02471889 0.04111061 0.00097400    14.48000
0.00000000 0.02539929 0.04144618 0.00080694    14.50000
0.00000000 0.02572384 0.04035549 0.00082229    14.52000
0.00000000 0.02514553 0.03932213 0.00095129    14.54000
0.00000000 0.02537878 0.03948516 0.00103688    14.56000
0.00000000 0.02551706 0.03974527 0.00105296    14.58000
0.00000000 0.02436297 0.03926885 0.00075364    14.60000
0.00000000 0.02590004 0.03869648 0.00100156    14.62000
0.00000000 0.02620535 0.03945300 0.00086218    14.64000
0.00000000 0.02496996 0.03952853 0.00102880    14.66000
0.00000000 0.02582381 0.03800033 0.00097711    14.68000
0.00000000 0.02435509 0.03849677 0.00112300    14.70000
0.00000000 0.02523995 0.03857330 0.00083671    14.72000
0.00000000 0.02437606 0.03876751 0.00096059    14.74000
0.00000000 0.02544739 0.03750551 0.00106857    14.76000
0.00000000 0.02565935 0.03713411 0.00086125    14.78000
0.00000000 0.02357341 0.03911216 0.00081814    14.80000
0.00000000 0.02556924 0.03835584 0.00100568    14.82000
0.00000000 0.02572761 0.03725023 0.00090451    14.84000
0.00000000 0.02548956 0.03755097 0.00081459    14.86000
0.00000000 0.02564785 0.03808449 0.00090449    14.88000
0.00000000 0.02458529 0.03770470 0.00090457    14.90000
0.00000000 0.02470071 0.03765420 0.00097721    14.92000
0.00000000 0.02471171 0.03797394 0.00093937    14.94000
0.00000000 0.02497689 0.03618070 0.00093957    14.96000
0.00000000 0.02517909 0.03651210 0.00095801    14.98000
0.00000000 0.02485138 0.03585257 0.00103614    15.00000
0.00000000 0.02504748 0.03555242 0.00079373    15.02000
0.00000000 0.02462863 0.03615645 0.00097436    15.04000
0.00000000 0.02391604 0.03767156 0.00099756    15.06000
0.00000000 0.02459517 0.03512819 0.00081166    15.08000
0.00000000 0.02481392 0.03455855 0.00090206    15.10000
0.00000000 0.02516256 0.03621605 0.00093186    15.12000
0.00000000 0.02454599 0.03553169 0.00099980    15.14000
0.00000000 0.02487603 0.03572454 0.00080948    15.16000
0.00000000 0.02393412 0.03581280 0.00088939    15.18000
0.00000000 0.02499751 0.03470553 0.00088153    15.20000
0.00000000 0.02408643 0.03582255 0.00086668    15.22000
0.00000000 0.02448556 0.03434496 0.00094604    15.24000
0.00000000 0.02488770 0.03450704 0.00086953    15.26000
0.00000000 0.02492751 0.03573368 0.00088329    15.28000
0.00000000 0.02433914 0.03435493 0.00087709    15.30000
0.00000000 0.02473930 0.03471230 0.00104332    15.32000
0.00000000 0.02585535 0.03452288 0.00085739    15.34000
0.00000000 0.02382440 0.03427225 0.00095951    15.36000
0.00000000 0.02526374 0.03439207 0.00090512    15.38000
0.00000000 0.02373385 0.03540412 0.00083958    15.40000
0.00000000 0.02470785 0.03470250 0.00087515    15.42000
0.00000000 0.02508332 0.03489292 0.00080822    15.44000
0.00000000 0.02349745 0.03388720 0.00073531    15.46000
0.00000000 0.02474601 0.03294531 0.00088320    15.48000
0.00000000 0.02438067 0.03313726 0.00100529    15.50000
0.00000000 0.02403108 0.03374609 0.00081220    15.52000
0.00000000 0.02555180 0.03418053 0.00092082    15.54000
0.00000000 0.02401531 0.03320248 0.00085788    15.56000
0.00000000 0.02498574 0.03288609 0.00100296    15.58000
0.00000000 0.02441256 0.03343136 0.00089183    15.60000
0.00000000 0.02460744 0.03294354 0.00090723    15.62000
0.00000000 0.02472153 0.03276001 0.00094059    15.64000
0.00000000 0.02453059 0.03315202 0.00090830    15.66000
0.00000000 0.02461908 0.03258581 0.00101809    15.68000
0.00000000 0.02473453 0.03262483 0.00089596    15.70000
0.00000000 0.02437340 0.03305572 0.00088863    15.72000
0.00000000 0.02368433 0.03380671 0.00081654    15.74000
0.00000000 0.02396499 0.03167866 0.00082419    15.76000
0.00000000 0.02466805 0.03119800 0.00094195    15.78000
0.00000000 0.02453608 0.03105854 0.00079534    15.80000
0.00000000 0.02468517 0.03207791 0.00091284    15.82000
0.00000000 0.02450870 0.03228679 0.00078610    15.84000
0.00000000 0.02396908 0.03119016 0.00092214    15.86000
0.00000000 0.02438705 0.03155882 0.00088655    15.88000
0.00000000 0.02464080 0.03128067 0.00077581    15.90000
0.00000000 0.02358344 0.03091389 0.00088241    15.92000
0.00000000 0.02491290 0.03117248 0.00097043    15.94000
0.00000000 0.02566841 0.03125224 0.00096359    15.96000
0.00000000 0.02281488 0.03056061 0.00083606    15.98000
0.00000000 0.02528358 0.03059155 0.00091544    16.00000
0.00000000 0.02419659 0.03023779 0.00098009    16.02000
0.00000000 0.02400481 0.03077141 0.00088590    16.04000
0.00000000 0.02385751 0.03059539 0.00091055    16.06000
0.00000000 0.02420018 0.03036085 0.00104075    16.08000
0.00000000 0.02447929 0.03091195 0.00105452    16.10000
0.00000000 0.02365703 0.02975629 0.00073015    16.12000
0.00000000 0.02428372 0.02991522 0.00072642    16.14000
0.00000000 0.02356260 0.03034751 0.00085639    16.16000
0.00000000 0.02452353 0.02967531 0.00081874    16.18000
0.00000000 0.02391840 0.02992153 0.00078363    16.20000
0.00000000 0.02400202 0.02935866 0.00098865    16.22000
0.00000000 0.02307755 0.03078184 0.00085008    16.24000
0.00000000 0.02341653 0.02949053 0.00082484    16.26000
0.00000000 0.02400560 0.02914377 0.00087070    16.28000
0.00000000 0.02337511 0.02874939 0.00097379    16.30000
0.00000000 0.02472624 0.02956612 0.00084678    16.32000
0.00000000 0.02376069 0.02923020 0.00094300    16.34000
0.00000000 0.02350183 0.02896271 0.00096722    16.36000
0.00000000 0.02331048 0.02884056 0.00092844    16.38000
0.00000000 0.02397926 0.02933527 0.00083672    16.40000
0.00000000 0.02379655 0.02889543 0.00093517    16.42000
0.00000000 0.02357668 0.02866809 0.00081433    16.44000
0.00000000 0.02369229 0.02892124 0.00081307    16.46000
0.00000000 0.02329006 0.02809043 0.00089648    16.48000
0.00000000 0.02318352 0.02845858 0.00078445    16.50000
0.00000000 0.02360841 0.02764946 0.00095552    16.52000
0.00000000 0.02378491 0.02800770 0.00096262    16.54000
0.00000000 0.02311962 0.02769721 0.00095848    16.56000
0.00000000 0.02429767 0.02856911 0.00085849    16.58000
0.00000000 0.02330931 0.02775424 0.00088369    16.60000
0.00000000 0.02331242 0.02760678 0.00087189    16.62000
0.00000000 0.02333102 0.02678553 0.00093773    16.64000
0.00000000 0.02494011 0.02818543 0.00088889    16.66000
0.00000000 0.02330041 0.02796221 0.00085071    16.68000
0.00000000 0.02330976 0.02773952 0.00100509    16.70000
0.00000000 0.02431584 0.02716773 0.00074073    16.72000
0.00000000 0.02315879 0.02796587 0.00070216    16.74000
0.00000000 0.02344327 0.02731975 0.00092820    16.76000
0.00000000 0.02341607 0.02672226 0.00077231    16.78000
0.00000000 0.02336336 0.02755569 0.00090147    16.80000
0.00000000 0.02307920 0.02691237 0.00079808    16.82000
0.00000000 0.02297346 0.02663649 0.00088257    16.84000
0.00000000 0.02354436 0.02748580 0.00078651    16.86000
0.00000000 0.02404395 0.02656404 0.00069239    16.88000
0.00000000 0.02292070 0.02601843 0.00077337    16.90000
0.00000000 0.02297063 0.02652930 0.00073417    16.92000
0.00000000 0.02412048 0.02700165 0.00077695    16.94000
0.00000000 0.02286442 0.02673693 0.00078060    16.96000
0.00000000 0.02266193 0.02664962 0.00090470    16.98000
0.00000000 0.02374548 0.02698076 0.00089594    17.00000
0.00000000 0.02364382 0.02640136 0.00087072    17.02000
0.00000000 0.02311103 0.02661148 0.00078385    17.04000
0.00000000 0.02300852 0.02558006 0.00080641    17.06000
0.00000000 0.02277197 0.02573514 0.00080544    17.08000
0.00000000 0.02299256 0.02630564 0.00083565    17.10000
0.00000000 0.02337704 0.02597037 0.00069551    17.12000
0.00000000 0.02272216 0.02584790 0.00095685    17.14000
0.00000000 0.02306342 0.02547712 0.00085918    17.16000
0.00000000 0.02189346 0.02555784 0.00077563    17.18000
0.00000000 0.02339551 0.02544546 0.00085025    17.20000
0.00000000 0.02276391 0.02527829 0.00078844    17.22000
0.00000000 0.02374937 0.02530397 0.00086635    17.24000
0.00000000 0.02320098 0.02471627 0.00073818    17.26000
0.00000000 0.02257887 0.02504428 0.00085168    17.28000
0.00000000 0.02309490 0.02502447 0.00063941    17.30000
0.00000000 0.02217052 0.02439351 0.00084070    17.32000
0.00000000 0.02271770 0.02517635 0.00078371    17.34000
0.00000000 0.02305456 0.02454667 0.00085221    17.36000
0.00000000 0.02334882 0.02420025 0.00082266    17.38000
0.00000000 0.02311124 0.02395452 0.00077884    17.40000
0.00000000 0.02298089 0.02442589 0.00079133    17.42000
0.00000000 0.02324865 0.02436166 0.00067624    17.44000
0.00000000 0.02288186 0.02355552 0.00077754    17.46000
0.00000000 0.02301173 0.02355570 0.00088206    17.48000
0.00000000 0.02256045 0.02295999 0.00087365    17.50000
0.00000000 0.02229347 0.02388974 0.00083284    17.52000
0.00000000 0.02379505 0.02348418 0.00079666    17.54000
0.00000000 0.02317232 0.02402431 0.00081235    17.56000
0.00000000 0.02236681 0.02441043 0.00077003    17.58000
0.00000000 0.02220931 0.02391588 0.00076847    17.60000
0.00000000 0.02284833 0.02344038 0.00080853    17.62000
0.00000000 0.02351520 0.02398708 0.00072753    17.64000
0.00000000 0.02212266 0.02364678 0.00085938    17.66000
0.00000000 0.02226512 0.02338769 0.00083890    17.68000
0.00000000 0.02261145 0.02357552 0.00069092    17.70000
0.00000000 0.02260151 0.02307634 0.00080469    17.72000
0.00000000 0.02245281 0.02411023 0.00075032    17.74000
0.00000000 0.02169870 0.02259736 0.00086207    17.76000
0.00000000 0.02222706 0.02334509 0.00092119    17.78000
0.00000000 0.02175981 0.02267976 0.00084243    17.80000
0.00000000 0.02186184 0.02354985 0.00083647    17.82000
0.00000000 0.02255755 0.02277064 0.00091252    17.84000
0.00000000 0.02230707 0.02270977 0.00095441    17.86000
0.00000000 0.02260413 0.02286996 0.00087140    17.88000
0.00000000 0.02235250 0.02324164 0.00082684    17.90000
0.00000000 0.02222168 0.02247507 0.00080427    17.92000
0.00000000 0.02280583 0.02262617 0.00069128    17.94000
0.00000000 0.02291696 0.02271536 0.00075513    17.96000
0.00000000 0.02270329 0.02231223 0.00071609    17.98000
0.00000000 0.02294362 0.02276147 0.00080024    18.00000
0.00000000 0.02307211 0.02224519 0.00076132    18.02000
0.00000000 0.02198231 0.02149358 0.00095331    18.04000
0.00000000 0.02234978 0.02129481 0.00083284    18.06000
0.00000000 0.02172529 0.02241611 0.00079416    18.08000
0.00000000 0.02216875 0.02198979 0.00075566    18.10000
0.00000000 0.02243171 0.02172138 0.00091447    18.12000
0.00000000 0.02118288 0.02222006 0.00072850    18.14000
0.00000000 0.02142108 0.02223911 0.00109153    18.16000
0.00000000 0.02210696 0.02151936 0.00069620    18.18000
0.00000000 0.02105536 0.02145232 0.00078602    18.20000
0.00000000 0.02261027 0.02161957 0.00072234    18.22000
0.00000000 0.02243889 0.02209831 0.00089775    18.24000
0.00000000 0.02181006 0.02200489 0.00062088    18.26000
0.00000000 0.02184569 0.02163508 0.00079061    18.28000
0.00000000 0.02183151 0.02089481 0.00085004    18.30000
0.00000000 0.02123393 0.02029415 0.00080319    18.32000
0.00000000 0.02240972 0.02090957 0.00066907    18.34000
0.00000000 0.02157544 0.02103311 0.00070454    18.36000
0.00000000 0.02115571 0.02071795 0.00073926    18.38000
0.00000000 0.02199250 0.02053228 0.00079845    18.40000
0.00000000 0.02183059 0.02147074 0.00078076    18.42000
0.00000000 0.02147560 0.02113042 0.00084042    18.44000
0.00000000 0.02217534 0.02026016 0.00087294    18.46000
0.00000000 0.02154736 0.01978508 0.00077110    18.48000
0.00000000 0.02199996 0.02054947 0.00071485    18.50000
0.00000000 0.02162095 0.02041638 0.00087589    18.52000
0.00000000 0.02141727 0.02125514 0.00068401    18.54000
0.00000000 0.02147244 0.02078955 0.00079426    18.56000
0.00000000 0.02125339 0.01960212 0.00080568    18.58000
0.00000000 0.02195266 0.02070240 0.00075930    18.60000
0.00000000 0.02164326 0.02001827 0.00071746    18.62000
0.00000000 0.02116580 0.02021720 0.00087643    18.64000
0.00000000 0.02127972 0.01991611 0.00063425    18.66000
0.00000000 0.02166005 0.01953107 0.00076636    18.68000
0.00000000 0.02083131 0.02014392 0.00078106    18.70000
0.00000000 0.02247532 0.01909265 0.00068122    18.72000
0.00000000 0.02238732 0.01949387 0.00070415    18.74000
0.00000000 0.02169341 0.01971735 0.00073729    18.76000
0.00000000 0.02130171 0.01972161 0.00067778    18.78000
0.00000000 0.02172128 0.01960818 0.00067363    18.80000
0.00000000 0.02112978 0.01915078 0.00059999    18.82000
0.00000000 0.02113991 0.01902982 0.00081051    18.84000
0.00000000 0.02204254 0.01921072 0.00074861    18.86000
0.00000000 0.02132764 0.01914853 0.00070218    18.88000
0.00000000 0.02131372 0.01933729 0.00076217    18.90000
0.00000000 0.02194794 0.01950059 0.00079381    18.92000
0.00000000 0.02168906 0.01938824 0.00074992    18.94000
0.00000000 0.02146849 0.01942613 0.00078664    18.96000
0.00000000 0.02110137 0.01938902 0.00070199    18.98000
0.00000000 0.02128301 0.01921893 0.00084699    19.00000
0.00000000 0.02090239 0.01896612 0.00073135    19.02000
0.00000000 0.02143751 0.01840679 0.00069680    19.04000
0.00000000 0.02091974 0.01889318 0.00066799    19.06000
0.00000000 0.02191045 0.01902245 0.00089563    19.08000
0.00000000 0.02083489 0.01781954 0.00087961    19.10000
0.00000000 0.02096151 0.01873475 0.00083727    19.12000
0.00000000 0.02077062 0.01900413 0.00076107    19.14000
0.00000000 0.02033736 0.01805241 0.00083341    19.16000
0.00000000 0.02066831 0.01883270 0.00080333    19.18000
0.00000000 0.02119150 0.01867319 0.00083523    19.20000
0.00000000 0.02092434 0.01885930 0.00083082    19.22000
0.00000000 0.02173066 0.01825661 0.00067426    19.24000
0.00000000 0.02144321 0.01900064 0.00080513    19.26000
0.00000000 0.02084396 0.01773522 0.00079773    19.28000
0.00000000 0.02109477 0.01809345 0.00065453    19.30000
0.00000000 0.02095858 0.01813198 0.00076398    19.32000
0.00000000 0.02102534 0.01789265 0.00077216    19.34000
0.00000000 0.02132157 0.01875564 0.00082613    19.36000
0.00000000 0.02051297 0.01930702 0.00079311    19.38000
0.00000000 0.02093011 0.01817942 0.00071173    19.40000
0.00000000 0.02034757 0.01815257 0.00087437    19.42000
0.00000000 0.02146005 0.01780878 0.00075265    19.44000
0.00000000 0.02002488 0.01776613 0.00068316    19.46000
0.00000000 0.02042100 0.01809669 0.00099201    19.48000
0.00000000 0.02066762 0.01793228 0.00072729    19.50000
0.00000000 0.02093610 0.01829438 0.00075940    19.52000
0.00000000 0.02049819 0.01776621 0.00067824    19.54000
0.00000000 0.02075583 0.01679481 0.00069186    19.56000
0.00000000 0.02124605 0.01766537 0.00071067    19.58000
0.00000000 0.02043119 0.01788115 0.00077789    19.60000
0.00000000 0.02004588 0.01740387 0.00073162    19.62000
0.00000000 0.01976933 0.01740225 0.00080691    19.64000
0.00000000 0.02064245 0.01758549 0.00069531    19.66000
0.00000000 0.02004769 0.01695741 0.00062508    19.68000
0.00000000 0.02039427 0.01779845 0.00079175    19.70000
0.00000000 0.02015191 0.01722752 0.00077985    19.72000
0.00000000 0.02079924 0.01723409 0.00075109    19.74000
0.00000000 0.02081509 0.01723265 0.00066320    19.76000
0.00000000 0.02004928 0.01667201 0.00077143    19.78000
0.00000000 0.02098578 0.01738938 0.00085089    19.80000
0.00000000 0.01937862 0.01651880 0.00073126    19.82000
0.00000000 0.02138182 0.01658180 0.00062610    19.84000
0.00000000 0.02080460 0.01734483 0.00069295    19.86000
0.00000000 0.01998378 0.01691408 0.00077787    19.88000
0.00000000 0.02053383 0.01718294 0.00068309    19.90000
0.00000000 0.02061160 0.01649937 0.00060314    19.92000
0.00000000 0.02037875 0.01707717 0.00072090    19.94000
0.00000000 0.02056525 0.01626841 0.00093594    19.96000
0.00000000 0.02053770 0.01726444 0.00054833    19.98000

#   *** Simulation REPORT: ***
#       Fraction of energy detected (over the mean energy of the spectrum): 92.826%
#       Maximum energy detected in pixel 0: (x,y)=(0,0) -> pixel value = 921976.218810 eV/cm^2
#       Simulated x rays:    1006720000
#       Simulation time [s]: 1.52
#       Speed [x-rays/sec]:  660925237.56

