# 
# !!radialProfile!! *** Image tally disabled: the reported result is a radial profile of the detected signal.
#               Detector max radius: 20.000000 cm. Radial bins: 1000. Radial bin thickness: 0.020000 cm.
#               The output profile is normalized by the area of the radial bins (at bigger radius, the area is bigger).
# 
# 
#     *****************************************************************************
#     ***         MC-GPU, version 1.3 (http://code.google.com/p/mcgpu/)         ***
#     ***                                                                       ***
#     ***                     Andreu Badal (Andreu.Badal-Soler@fda.hhs.gov)     ***
#     *****************************************************************************
# 
#  *** SIMULATION IN THE GPU USING CUDA ***
#
#  Image created counting the energy arriving at each pixel: ideal energy integrating detector.
#  Pixel value units: eV/cm^2 per history (energy fluence).
#  Focal spot position = (0.49900001,0.00000000,0.49900001), cone beam direction = (0.00000000,1.00000000,0.00000000)
#  Pixel size:  0.020000 x 1.000000 = 0.020000 cm^2
#  Number of pixels in X and Z:  1000  1
#  (X rows given first, a blank line separates the different Z values)
# 
#  [NON-SCATTERED] [COMPTON] [RAYLEIGH] [MULTIPLE-SCATTING]    [Lower bin radius: angle = atan(radius/object-detector-dist]
# ==========================================================
14549778.20466467 0.00000000 8.11014838 0.00000000    0.00000
0.00000000 0.00000000 7.87300954 0.00000000    0.02000
0.00000000 0.00000000 8.17654726 0.00000000    0.04000
0.00000000 0.00000000 8.22081318 0.00883860    0.06000
0.00000000 0.00000000 6.18141914 0.00511558    0.08000
0.00000000 0.00000000 3.54414778 0.00431162    0.10000
0.00000000 0.00000000 2.52461659 0.00356245    0.12000
0.00000000 0.00000000 2.09630736 0.00210790    0.14000
0.00000000 0.00000000 1.69066045 0.00371982    0.16000
0.00000000 0.00000000 1.32964165 0.00161041    0.18000
0.00000000 0.00000000 1.12847976 0.00526620    0.20000
0.00000000 0.00000000 0.97055085 0.00475067    0.22000
0.00000000 0.00000000 0.89796575 0.00126474    0.24000
0.00000000 0.00000000 0.93801586 0.00397851    0.26000
0.00000000 0.00000000 1.09683529 0.00364358    0.28000
0.00000000 0.00000000 1.01842208 0.00201354    0.30000
0.00000000 0.00000000 0.74303504 0.00285526    0.32000
0.00000000 0.00000000 0.57365015 0.00447721    0.34000
0.00000000 0.00000000 0.56315134 0.00460634    0.36000
0.00000000 0.00000000 0.50954449 0.00238928    0.38000
0.00000000 0.00000000 0.54715450 0.00444338    0.40000
0.00000000 0.00000000 0.62023756 0.00509735    0.42000
0.00000000 0.00000000 0.73003632 0.00483416    0.44000
0.00000000 0.00000000 0.82679046 0.00294196    0.46000
0.00000000 0.00000000 0.72012775 0.00379936    0.48000
0.00000000 0.00000000 0.46094831 0.00398032    0.50000
0.00000000 0.00000000 0.26010701 0.00532566    0.52000
0.00000000 0.00000000 0.25955924 0.00389047    0.54000
0.00000000 0.00000000 0.23713884 0.00216470    0.56000
0.00000000 0.00000000 0.20069717 0.00211562    0.58000
0.00000000 0.00000000 0.20785284 0.00463911    0.60000
0.00000000 0.00000000 0.18368850 0.00320017    0.62000
0.00000000 0.00000000 0.16952387 0.00406781    0.64000
0.00000000 0.00000000 0.15785660 0.00644068    0.66000
0.00000000 0.00000000 0.15855080 0.00410873    0.68000
0.00000000 0.00000000 0.16076455 0.00328442    0.70000
0.00000000 0.00000000 0.15094591 0.00356288    0.72000
0.00000000 0.00000000 0.14291568 0.00498230    0.74000
0.00000000 0.00000000 0.14125673 0.00231443    0.76000
0.00000000 0.00000000 0.13948166 0.00296581    0.78000
0.00000000 0.00000000 0.14696753 0.00480967    0.80000
0.00000000 0.00000000 0.13961668 0.00246288    0.82000
0.00000000 0.00000000 0.15009494 0.00330468    0.84000
0.00000000 0.00000000 0.17971672 0.00553634    0.86000
0.00000000 0.00000000 0.17194786 0.00422891    0.88000
0.00000000 0.00000000 0.15948239 0.00372132    0.90000
0.00000000 0.00016987 0.15826255 0.00268174    0.92000
0.00000000 0.00000000 0.15859180 0.00355765    0.94000
0.00000000 0.00000000 0.16510079 0.00384373    0.96000
0.00000000 0.00000000 0.14819181 0.00360097    0.98000
0.00000000 0.00000000 0.14603996 0.00331453    1.00000
0.00000000 0.00000000 0.12954381 0.00270474    1.02000
0.00000000 0.00000000 0.12858195 0.00390481    1.04000
0.00000000 0.00000000 0.12189380 0.00364126    1.06000
0.00000000 0.00000000 0.12777940 0.00286667    1.08000
0.00000000 0.00000000 0.11750123 0.00334577    1.10000
0.00000000 0.00000000 0.11975861 0.00278938    1.12000
0.00000000 0.00000000 0.12647405 0.00420805    1.14000
0.00000000 0.00000000 0.12431210 0.00467140    1.16000
0.00000000 0.00000000 0.12235567 0.00236587    1.18000
0.00000000 0.00013057 0.12686601 0.00438809    1.20000
0.00000000 0.00000000 0.11413512 0.00391616    1.22000
0.00000000 0.00012636 0.15594250 0.00322453    1.24000
0.00000000 0.00024875 0.14377709 0.00307660    1.26000
0.00000000 0.00048982 0.14522456 0.00486451    1.28000
0.00000000 0.00000000 0.13588719 0.00455381    1.30000
0.00000000 0.00011878 0.13538904 0.00371177    1.32000
0.00000000 0.00011703 0.14368857 0.00428180    1.34000
0.00000000 0.00011531 0.13559034 0.00456318    1.36000
0.00000000 0.00022731 0.13022733 0.00377677    1.38000
0.00000000 0.00000000 0.12221340 0.00338880    1.40000
0.00000000 0.00022092 0.12979068 0.00350633    1.42000
0.00000000 0.00010893 0.13323387 0.00372266    1.44000
0.00000000 0.00032239 0.12776460 0.00389011    1.46000
0.00000000 0.00042407 0.12010791 0.00380107    1.48000
0.00000000 0.00010462 0.11935465 0.00286279    1.50000
0.00000000 0.00041296 0.14538316 0.00373777    1.52000
0.00000000 0.00061151 0.13065585 0.00385411    1.54000
0.00000000 0.00050306 0.12093577 0.00329515    1.56000
0.00000000 0.00079480 0.08988407 0.00350637    1.58000
0.00000000 0.00058867 0.08866931 0.00344222    1.60000
0.00000000 0.00067841 0.11716308 0.00385292    1.62000
0.00000000 0.00105312 0.12455778 0.00383208    1.64000
0.00000000 0.00094593 0.12458072 0.00378260    1.66000
0.00000000 0.00046736 0.12366767 0.00385224    1.68000
0.00000000 0.00083141 0.12259107 0.00200984    1.70000
0.00000000 0.00109575 0.11596501 0.00389778    1.72000
0.00000000 0.00099293 0.12240881 0.00321229    1.74000
0.00000000 0.00089244 0.11611318 0.00367250    1.76000
0.00000000 0.00132367 0.11022319 0.00427807    1.78000
0.00000000 0.00052365 0.10900526 0.00490430    1.80000
0.00000000 0.00077687 0.10634532 0.00373129    1.82000
0.00000000 0.00179300 0.10340108 0.00372136    1.84000
0.00000000 0.00101367 0.11100296 0.00347467    1.86000
0.00000000 0.00158789 0.12153888 0.00375883    1.88000
0.00000000 0.00099243 0.12821224 0.00320504    1.90000
0.00000000 0.00245531 0.13925251 0.00321015    1.92000
0.00000000 0.00170101 0.14171579 0.00302493    1.94000
0.00000000 0.00168382 0.13433855 0.00371719    1.96000
0.00000000 0.00158755 0.13275009 0.00406848    1.98000
0.00000000 0.00141455 0.13583376 0.00325122    2.00000
0.00000000 0.00186741 0.14088150 0.00289420    2.02000
0.00000000 0.00107871 0.15716714 0.00371850    2.04000
0.00000000 0.00190778 0.18375396 0.00402835    2.06000
0.00000000 0.00211614 0.23676063 0.00335433    2.08000
0.00000000 0.00232060 0.27639974 0.00371542    2.10000
0.00000000 0.00252143 0.32420108 0.00364508    2.12000
0.00000000 0.00213056 0.37059838 0.00386544    2.14000
0.00000000 0.00247477 0.42728704 0.00396896    2.16000
0.00000000 0.00302915 0.44670172 0.00325799    2.18000
0.00000000 0.00214412 0.47034325 0.00311903    2.20000
0.00000000 0.00262074 0.46102059 0.00402182    2.22000
0.00000000 0.00238681 0.48207692 0.00317994    2.24000
0.00000000 0.00306168 0.47260622 0.00326034    2.26000
0.00000000 0.00296595 0.46157505 0.00311843    2.28000
0.00000000 0.00259834 0.45367774 0.00360698    2.30000
0.00000000 0.00332184 0.43173518 0.00270125    2.32000
0.00000000 0.00302464 0.41245340 0.00329929    2.34000
0.00000000 0.00319905 0.39196282 0.00362730    2.36000
0.00000000 0.00310617 0.37340272 0.00345467    2.38000
0.00000000 0.00294926 0.34931240 0.00308412    2.40000
0.00000000 0.00350999 0.33264496 0.00270318    2.42000
0.00000000 0.00322350 0.30224717 0.00275903    2.44000
0.00000000 0.00434834 0.29192719 0.00346443    2.46000
0.00000000 0.00437687 0.26228127 0.00261703    2.48000
0.00000000 0.00421597 0.25149944 0.00342739    2.50000
0.00000000 0.00424518 0.23513925 0.00312181    2.52000
0.00000000 0.00445974 0.21829173 0.00301028    2.54000
0.00000000 0.00411771 0.20625850 0.00342710    2.56000
0.00000000 0.00359784 0.20216315 0.00283345    2.58000
0.00000000 0.00399414 0.19407225 0.00244469    2.60000
0.00000000 0.00432397 0.18959085 0.00290429    2.62000
0.00000000 0.00417224 0.17903237 0.00347072    2.64000
0.00000000 0.00437752 0.18746107 0.00357525    2.66000
0.00000000 0.00504925 0.17977886 0.00237395    2.68000
0.00000000 0.00437118 0.17361013 0.00364609    2.70000
0.00000000 0.00514884 0.17882411 0.00289028    2.72000
0.00000000 0.00482460 0.17861585 0.00286134    2.74000
0.00000000 0.00507451 0.17966620 0.00318895    2.76000
0.00000000 0.00452873 0.17650836 0.00394782    2.78000
0.00000000 0.00483361 0.18037180 0.00345833    2.80000
0.00000000 0.00574832 0.18222542 0.00265983    2.82000
0.00000000 0.00526472 0.18910089 0.00285841    2.84000
0.00000000 0.00566816 0.19924069 0.00291497    2.86000
0.00000000 0.00650345 0.19408734 0.00343867    2.88000
0.00000000 0.00493893 0.20280396 0.00255715    2.90000
0.00000000 0.00549807 0.21534041 0.00274917    2.92000
0.00000000 0.00615688 0.21264789 0.00294068    2.94000
0.00000000 0.00622167 0.22122313 0.00387175    2.96000
0.00000000 0.00507092 0.23306756 0.00382859    2.98000
0.00000000 0.00608646 0.23808425 0.00313048    3.00000
0.00000000 0.00609822 0.24986973 0.00338908    3.02000
0.00000000 0.00585118 0.25600628 0.00370915    3.04000
0.00000000 0.00658457 0.26149643 0.00407726    3.06000
0.00000000 0.00618447 0.27218525 0.00347404    3.08000
0.00000000 0.00563666 0.28395661 0.00366070    3.10000
0.00000000 0.00756856 0.29734534 0.00284825    3.12000
0.00000000 0.00711971 0.30002455 0.00281075    3.14000
0.00000000 0.00707443 0.30815582 0.00351198    3.16000
0.00000000 0.00742616 0.30795836 0.00309066    3.18000
0.00000000 0.00703537 0.31224512 0.00333156    3.20000
0.00000000 0.00787176 0.32479945 0.00339464    3.22000
0.00000000 0.00724045 0.32552474 0.00370392    3.24000
0.00000000 0.00753378 0.34108349 0.00275126    3.26000
0.00000000 0.00777607 0.34049966 0.00382654    3.28000
0.00000000 0.00744297 0.34579763 0.00272251    3.30000
0.00000000 0.00825186 0.35786839 0.00313179    3.32000
0.00000000 0.00782545 0.36200837 0.00358374    3.34000
0.00000000 0.00824770 0.36342524 0.00299903    3.36000
0.00000000 0.00745372 0.37550481 0.00338791    3.38000
0.00000000 0.00824387 0.37631593 0.00338426    3.40000
0.00000000 0.00801118 0.37278502 0.00317286    3.42000
0.00000000 0.00933794 0.37231944 0.00341903    3.44000
0.00000000 0.00837377 0.38580052 0.00317047    3.46000
0.00000000 0.00895959 0.38472210 0.00290374    3.48000
0.00000000 0.00805328 0.38473694 0.00319267    3.50000
0.00000000 0.00814209 0.38278105 0.00303069    3.52000
0.00000000 0.00925273 0.38970930 0.00359107    3.54000
0.00000000 0.01008564 0.39284009 0.00267234    3.56000
0.00000000 0.00976505 0.39893050 0.00284875    3.58000
0.00000000 0.00953606 0.40074931 0.00293211    3.60000
0.00000000 0.01044061 0.40098022 0.00337205    3.62000
0.00000000 0.00930178 0.40839856 0.00272604    3.64000
0.00000000 0.01054178 0.40268372 0.00350169    3.66000
0.00000000 0.01014254 0.40585659 0.00369216    3.68000
0.00000000 0.00927904 0.41061453 0.00338245    3.70000
0.00000000 0.01024521 0.41604198 0.00320809    3.72000
0.00000000 0.00964325 0.41335935 0.00277466    3.74000
0.00000000 0.01105807 0.42043396 0.00325516    3.76000
0.00000000 0.00995777 0.42839330 0.00295216    3.78000
0.00000000 0.01015390 0.42655946 0.00269246    3.80000
0.00000000 0.00915278 0.42226812 0.00312710    3.82000
0.00000000 0.01000793 0.43493933 0.00360919    3.84000
0.00000000 0.01089441 0.43620475 0.00310173    3.86000
0.00000000 0.00974227 0.43952983 0.00313402    3.88000
0.00000000 0.01094477 0.45191830 0.00310798    3.90000
0.00000000 0.01100942 0.45295731 0.00355456    3.92000
0.00000000 0.01055340 0.44798229 0.00265429    3.94000
0.00000000 0.01229026 0.45066335 0.00349257    3.96000
0.00000000 0.01187257 0.44979117 0.00281435    3.98000
0.00000000 0.01201008 0.46315995 0.00362906    4.00000
0.00000000 0.01202930 0.45937069 0.00246416    4.02000
0.00000000 0.01052668 0.46799302 0.00345731    4.04000
0.00000000 0.01183337 0.46670322 0.00321170    4.06000
0.00000000 0.01173704 0.46936870 0.00285303    4.08000
0.00000000 0.01148727 0.46366125 0.00251438    4.10000
0.00000000 0.01280707 0.47110052 0.00336349    4.12000
0.00000000 0.01339276 0.46902063 0.00306916    4.14000
0.00000000 0.01264700 0.47837217 0.00264254    4.16000
0.00000000 0.01285062 0.47503230 0.00425215    4.18000
0.00000000 0.01113875 0.48396602 0.00252689    4.20000
0.00000000 0.01235562 0.47872520 0.00282546    4.22000
0.00000000 0.01218557 0.48480479 0.00308743    4.24000
0.00000000 0.01279452 0.47938700 0.00323369    4.26000
0.00000000 0.01299214 0.48839177 0.00300188    4.28000
0.00000000 0.01164975 0.49107731 0.00297645    4.30000
0.00000000 0.01334639 0.49187598 0.00281903    4.32000
0.00000000 0.01321211 0.48492622 0.00302276    4.34000
0.00000000 0.01304396 0.49714141 0.00309810    4.36000
0.00000000 0.01352302 0.49808160 0.00309644    4.38000
0.00000000 0.01292477 0.50137927 0.00298177    4.40000
0.00000000 0.01297396 0.50329106 0.00266118    4.42000
0.00000000 0.01334093 0.50269882 0.00268970    4.44000
0.00000000 0.01423458 0.50907927 0.00346670    4.46000
0.00000000 0.01216780 0.50561452 0.00285679    4.48000
0.00000000 0.01291805 0.51108416 0.00323748    4.50000
0.00000000 0.01334900 0.51713368 0.00331087    4.52000
0.00000000 0.01329037 0.51388769 0.00308127    4.54000
0.00000000 0.01419860 0.51897256 0.00325915    4.56000
0.00000000 0.01375934 0.53283048 0.00321433    4.58000
0.00000000 0.01342590 0.52990157 0.00311823    4.60000
0.00000000 0.01346903 0.52720284 0.00296674    4.62000
0.00000000 0.01419262 0.53357089 0.00343852    4.64000
0.00000000 0.01396286 0.53528042 0.00290717    4.66000
0.00000000 0.01346532 0.54118893 0.00302231    4.68000
0.00000000 0.01391089 0.55077300 0.00263492    4.70000
0.00000000 0.01528751 0.55004847 0.00310332    4.72000
0.00000000 0.01419279 0.55914843 0.00348025    4.74000
0.00000000 0.01443108 0.55826228 0.00325336    4.76000
0.00000000 0.01433844 0.56497463 0.00335693    4.78000
0.00000000 0.01450841 0.56998777 0.00306969    4.80000
0.00000000 0.01477441 0.56330703 0.00348906    4.82000
0.00000000 0.01582032 0.57783646 0.00294993    4.84000
0.00000000 0.01484674 0.58010556 0.00349862    4.86000
0.00000000 0.01439917 0.58749653 0.00284948    4.88000
0.00000000 0.01610854 0.58774371 0.00322190    4.90000
0.00000000 0.01527563 0.60629940 0.00312210    4.92000
0.00000000 0.01559543 0.59417253 0.00278970    4.94000
0.00000000 0.01581946 0.60412353 0.00327292    4.96000
0.00000000 0.01604068 0.61123843 0.00340487    4.98000
0.00000000 0.01651168 0.61526722 0.00278955    5.00000
0.00000000 0.01578708 0.62158978 0.00308928    5.02000
0.00000000 0.01484976 0.62495085 0.00302160    5.04000
0.00000000 0.01584910 0.62644567 0.00254544    5.06000
0.00000000 0.01513559 0.63137634 0.00338044    5.08000
0.00000000 0.01655913 0.62735831 0.00288289    5.10000
0.00000000 0.01523314 0.64528268 0.00260401    5.12000
0.00000000 0.01572532 0.64747346 0.00331294    5.14000
0.00000000 0.01639752 0.64200258 0.00268727    5.16000
0.00000000 0.01624282 0.65265727 0.00305913    5.18000
0.00000000 0.01618074 0.65506760 0.00280751    5.20000
0.00000000 0.01747628 0.66081481 0.00302152    5.22000
0.00000000 0.01689948 0.66218198 0.00312434    5.24000
0.00000000 0.01623560 0.67154840 0.00321697    5.26000
0.00000000 0.01650208 0.66518416 0.00314464    5.28000
0.00000000 0.01783826 0.66803783 0.00325311    5.30000
0.00000000 0.01614148 0.67348024 0.00297131    5.32000
0.00000000 0.01764508 0.67917746 0.00255703    5.34000
0.00000000 0.01755067 0.68321305 0.00294205    5.36000
0.00000000 0.01862712 0.67539841 0.00284363    5.38000
0.00000000 0.01660230 0.66916110 0.00284620    5.40000
0.00000000 0.01703561 0.67368394 0.00254366    5.42000
0.00000000 0.01755312 0.68235070 0.00236524    5.44000
0.00000000 0.01711287 0.68991362 0.00272480    5.46000
0.00000000 0.01722315 0.68109385 0.00285089    5.48000
0.00000000 0.01661672 0.68444611 0.00242337    5.50000
0.00000000 0.01692740 0.68462941 0.00309499    5.52000
0.00000000 0.01831624 0.69264481 0.00238424    5.54000
0.00000000 0.01785472 0.69069703 0.00298962    5.56000
0.00000000 0.01841108 0.68644412 0.00279230    5.58000
0.00000000 0.01887921 0.68935120 0.00296603    5.60000
0.00000000 0.01741195 0.67968569 0.00314380    5.62000
0.00000000 0.01793660 0.67786732 0.00284009    5.64000
0.00000000 0.01709404 0.68534659 0.00260356    5.66000
0.00000000 0.01750457 0.68918910 0.00317567    5.68000
0.00000000 0.01824554 0.67932733 0.00255352    5.70000
0.00000000 0.01743749 0.68437801 0.00261118    5.72000
0.00000000 0.01743214 0.68010045 0.00265944    5.74000
0.00000000 0.01797412 0.67464699 0.00292548    5.76000
0.00000000 0.01878299 0.68086288 0.00284896    5.78000
0.00000000 0.01847331 0.67324030 0.00312524    5.80000
0.00000000 0.01819419 0.67692360 0.00340692    5.82000
0.00000000 0.01858977 0.67909538 0.00287308    5.84000
0.00000000 0.01876866 0.67042557 0.00272653    5.86000
0.00000000 0.01977754 0.66715598 0.00296634    5.88000
0.00000000 0.01805369 0.66594151 0.00285966    5.90000
0.00000000 0.01895128 0.67542581 0.00290835    5.92000
0.00000000 0.01941752 0.66420132 0.00309420    5.94000
0.00000000 0.01990925 0.66070509 0.00293344    5.96000
0.00000000 0.01986815 0.65477769 0.00330573    5.98000
0.00000000 0.01869942 0.65662338 0.00260310    6.00000
0.00000000 0.01887328 0.65730325 0.00304502    6.02000
0.00000000 0.01922594 0.65212528 0.00204327    6.04000
0.00000000 0.01918949 0.65338848 0.00277942    6.06000
0.00000000 0.01912664 0.64213097 0.00293060    6.08000
0.00000000 0.01805665 0.64114166 0.00253694    6.10000
0.00000000 0.01959438 0.63917880 0.00271911    6.12000
0.00000000 0.01983714 0.63342419 0.00291244    6.14000
0.00000000 0.01974805 0.63936526 0.00268860    6.16000
0.00000000 0.01868974 0.62846263 0.00268264    6.18000
0.00000000 0.01982372 0.63595979 0.00300184    6.20000
0.00000000 0.01902574 0.62478282 0.00302304    6.22000
0.00000000 0.01957034 0.61737042 0.00245403    6.24000
0.00000000 0.02021310 0.61968754 0.00307332    6.26000
0.00000000 0.02142858 0.61118232 0.00350714    6.28000
0.00000000 0.02048411 0.61129959 0.00272526    6.30000
0.00000000 0.01879894 0.60939313 0.00257889    6.32000
0.00000000 0.02008200 0.60680157 0.00278097    6.34000
0.00000000 0.01996955 0.60129773 0.00302765    6.36000
0.00000000 0.02106789 0.59946522 0.00264519    6.38000
0.00000000 0.02186246 0.59539977 0.00277559    6.40000
0.00000000 0.02073994 0.59549018 0.00258623    6.42000
0.00000000 0.02006431 0.59450156 0.00325896    6.44000
0.00000000 0.02041749 0.58609091 0.00251859    6.46000
0.00000000 0.02091355 0.58452837 0.00254521    6.48000
0.00000000 0.02118848 0.57836136 0.00299036    6.50000
0.00000000 0.02051976 0.57383000 0.00276249    6.52000
0.00000000 0.02040855 0.58226335 0.00261811    6.54000
0.00000000 0.02032125 0.56569224 0.00292690    6.56000
0.00000000 0.02229464 0.56203225 0.00260429    6.58000
0.00000000 0.02065275 0.56200590 0.00250622    6.60000
0.00000000 0.02080418 0.55957136 0.00205157    6.62000
0.00000000 0.02086043 0.55470282 0.00321121    6.64000
0.00000000 0.02110464 0.56339733 0.00287075    6.66000
0.00000000 0.02144387 0.55597066 0.00257290    6.68000
0.00000000 0.02123737 0.54922440 0.00232594    6.70000
0.00000000 0.02049380 0.54949498 0.00276047    6.72000
0.00000000 0.02017653 0.54137919 0.00277572    6.74000
0.00000000 0.02079329 0.54722911 0.00265346    6.76000
0.00000000 0.02159001 0.54282326 0.00275248    6.78000
0.00000000 0.02106393 0.54180944 0.00264928    6.80000
0.00000000 0.02116462 0.53313996 0.00249815    6.82000
0.00000000 0.02052709 0.52936775 0.00257491    6.84000
0.00000000 0.02170709 0.52948351 0.00252448    6.86000
0.00000000 0.02052130 0.52159073 0.00279314    6.88000
0.00000000 0.02146627 0.52131651 0.00280300    6.90000
0.00000000 0.02245145 0.52558362 0.00241325    6.92000
0.00000000 0.02070670 0.51995392 0.00304208    6.94000
0.00000000 0.02157472 0.51852999 0.00287089    6.96000
0.00000000 0.02162623 0.51632261 0.00264778    6.98000
0.00000000 0.02172255 0.51245895 0.00247822    7.00000
0.00000000 0.02264848 0.50488422 0.00226545    7.02000
0.00000000 0.02186661 0.50569438 0.00277302    7.04000
0.00000000 0.02202868 0.49961274 0.00276086    7.06000
0.00000000 0.02143255 0.50442453 0.00240442    7.08000
0.00000000 0.02285956 0.50133797 0.00285060    7.10000
0.00000000 0.02284006 0.49853480 0.00263429    7.12000
0.00000000 0.02213448 0.50065592 0.00287515    7.14000
0.00000000 0.02288818 0.49619456 0.00262076    7.16000
0.00000000 0.02212132 0.49756280 0.00340740    7.18000
0.00000000 0.02203901 0.49833143 0.00248879    7.20000
0.00000000 0.02239070 0.49415405 0.00259557    7.22000
0.00000000 0.02245999 0.48504978 0.00301252    7.24000
0.00000000 0.02333190 0.48756442 0.00278705    7.26000
0.00000000 0.02350511 0.48911106 0.00234543    7.28000
0.00000000 0.02231904 0.49287681 0.00240437    7.30000
0.00000000 0.02268899 0.48277543 0.00320437    7.32000
0.00000000 0.02354971 0.48346211 0.00248057    7.34000
0.00000000 0.02254461 0.47580069 0.00234741    7.36000
0.00000000 0.02425532 0.48920984 0.00263788    7.38000
0.00000000 0.02235737 0.47997414 0.00213187    7.40000
0.00000000 0.02418779 0.47876726 0.00253864    7.42000
0.00000000 0.02329687 0.47920083 0.00271340    7.44000
0.00000000 0.02344540 0.47827762 0.00303260    7.46000
0.00000000 0.02304561 0.47166040 0.00268557    7.48000
0.00000000 0.02407532 0.47791950 0.00218806    7.50000
0.00000000 0.02390805 0.47251410 0.00236157    7.52000
0.00000000 0.02365686 0.46948256 0.00255976    7.54000
0.00000000 0.02269765 0.47601106 0.00276033    7.56000
0.00000000 0.02301245 0.46738326 0.00269063    7.58000
0.00000000 0.02388453 0.48023991 0.00298841    7.60000
0.00000000 0.02322204 0.46654917 0.00264585    7.62000
0.00000000 0.02309860 0.46338686 0.00266768    7.64000
0.00000000 0.02357279 0.46300302 0.00275256    7.66000
0.00000000 0.02318293 0.46652724 0.00230773    7.68000
0.00000000 0.02338897 0.47349850 0.00243172    7.70000
0.00000000 0.02271784 0.46378590 0.00238714    7.72000
0.00000000 0.02457007 0.46640365 0.00245361    7.74000
0.00000000 0.02385739 0.46298536 0.00268727    7.76000
0.00000000 0.02409949 0.45822490 0.00287320    7.78000
0.00000000 0.02341221 0.46504718 0.00245010    7.80000
0.00000000 0.02397656 0.46107302 0.00233325    7.82000
0.00000000 0.02343225 0.46096569 0.00244990    7.84000
0.00000000 0.02453717 0.46545905 0.00243419    7.86000
0.00000000 0.02471403 0.46309699 0.00272988    7.88000
0.00000000 0.02345340 0.46000738 0.00228018    7.90000
0.00000000 0.02287782 0.45922600 0.00268502    7.92000
0.00000000 0.02359377 0.46153085 0.00293636    7.94000
0.00000000 0.02406994 0.45908334 0.00290778    7.96000
0.00000000 0.02254882 0.45457053 0.00277224    7.98000
0.00000000 0.02375267 0.46052106 0.00235107    8.00000
0.00000000 0.02345780 0.45842905 0.00232372    8.02000
0.00000000 0.02402549 0.45442283 0.00254702    8.04000
0.00000000 0.02337915 0.44951573 0.00249124    8.06000
0.00000000 0.02351708 0.45581075 0.00224095    8.08000
0.00000000 0.02384758 0.45279581 0.00228373    8.10000
0.00000000 0.02415662 0.45827397 0.00264908    8.12000
0.00000000 0.02448342 0.45470524 0.00238466    8.14000
0.00000000 0.02463829 0.45734611 0.00225529    8.16000
0.00000000 0.02457752 0.45078578 0.00249228    8.18000
0.00000000 0.02370945 0.45457870 0.00229695    8.20000
0.00000000 0.02386295 0.44876773 0.00237151    8.22000
0.00000000 0.02393793 0.44712409 0.00279636    8.24000
0.00000000 0.02342274 0.44441788 0.00232864    8.26000
0.00000000 0.02449093 0.44853282 0.00219063    8.28000
0.00000000 0.02570188 0.44768161 0.00259703    8.30000
0.00000000 0.02478754 0.44765057 0.00220557    8.32000
0.00000000 0.02552284 0.44614289 0.00261274    8.34000
0.00000000 0.02453727 0.44590791 0.00279252    8.36000
0.00000000 0.02430852 0.44039801 0.00199453    8.38000
0.00000000 0.02385614 0.43871156 0.00216721    8.40000
0.00000000 0.02567206 0.44565974 0.00235893    8.42000
0.00000000 0.02495768 0.44073213 0.00168433    8.44000
0.00000000 0.02512162 0.43864620 0.00246849    8.46000
0.00000000 0.02424482 0.43967981 0.00255741    8.48000
0.00000000 0.02391224 0.43184720 0.00246495    8.50000
0.00000000 0.02494491 0.43900803 0.00247451    8.52000
0.00000000 0.02527274 0.43731546 0.00257147    8.54000
0.00000000 0.02497639 0.43623954 0.00194444    8.56000
0.00000000 0.02449482 0.43172704 0.00210281    8.58000
0.00000000 0.02469431 0.43465355 0.00240517    8.60000
0.00000000 0.02489368 0.43703525 0.00219283    8.62000
0.00000000 0.02550941 0.43066972 0.00275997    8.64000
0.00000000 0.02264837 0.43166381 0.00232053    8.66000
0.00000000 0.02517345 0.43620084 0.00218449    8.68000
0.00000000 0.02435642 0.42715848 0.00249250    8.70000
0.00000000 0.02399257 0.42190613 0.00208019    8.72000
0.00000000 0.02559673 0.42260400 0.00224339    8.74000
0.00000000 0.02435094 0.42264974 0.00266352    8.76000
0.00000000 0.02521024 0.42255138 0.00230304    8.78000
0.00000000 0.02436449 0.42295592 0.00247606    8.80000
0.00000000 0.02598877 0.41481841 0.00222236    8.82000
0.00000000 0.02662340 0.42120503 0.00211492    8.84000
0.00000000 0.02469835 0.41186053 0.00247912    8.86000
0.00000000 0.02526236 0.41168085 0.00238700    8.88000
0.00000000 0.02479797 0.41153747 0.00229907    8.90000
0.00000000 0.02587376 0.41082822 0.00223614    8.92000
0.00000000 0.02583350 0.40971586 0.00259371    8.94000
0.00000000 0.02463212 0.40113564 0.00231319    8.96000
0.00000000 0.02478786 0.40393617 0.00250873    8.98000
0.00000000 0.02616708 0.40314480 0.00255789    9.00000
0.00000000 0.02467723 0.39682458 0.00203351    9.02000
0.00000000 0.02526649 0.39654156 0.00219119    9.04000
0.00000000 0.02420297 0.39554515 0.00219638    9.06000
0.00000000 0.02536493 0.39206607 0.00252988    9.08000
0.00000000 0.02425289 0.39325308 0.00246380    9.10000
0.00000000 0.02552921 0.38581165 0.00205858    9.12000
0.00000000 0.02547457 0.38372434 0.00237972    9.14000
0.00000000 0.02552121 0.38305983 0.00223021    9.16000
0.00000000 0.02591002 0.38021347 0.00243595    9.18000
0.00000000 0.02573461 0.37751680 0.00236083    9.20000
0.00000000 0.02521786 0.37803477 0.00213718    9.22000
0.00000000 0.02458211 0.37140643 0.00270739    9.24000
0.00000000 0.02463059 0.37067333 0.00217284    9.26000
0.00000000 0.02595406 0.36752692 0.00247671    9.28000
0.00000000 0.02496562 0.36656757 0.00255729    9.30000
0.00000000 0.02687171 0.36291816 0.00251757    9.32000
0.00000000 0.02597224 0.36127955 0.00236322    9.34000
0.00000000 0.02487357 0.35650969 0.00224312    9.36000
0.00000000 0.02475276 0.35605341 0.00251007    9.38000
0.00000000 0.02490166 0.35197015 0.00213916    9.40000
0.00000000 0.02685495 0.35207867 0.00231954    9.42000
0.00000000 0.02656430 0.35076473 0.00251257    9.44000
0.00000000 0.02510840 0.34668513 0.00213862    9.46000
0.00000000 0.02495598 0.34253944 0.00235478    9.48000
0.00000000 0.02543310 0.34173594 0.00239339    9.50000
0.00000000 0.02606005 0.33446613 0.00231957    9.52000
0.00000000 0.02506355 0.33307040 0.00231837    9.54000
0.00000000 0.02642819 0.33118492 0.00249500    9.56000
0.00000000 0.02704760 0.32596081 0.00207187    9.58000
0.00000000 0.02598912 0.32437764 0.00207360    9.60000
0.00000000 0.02516677 0.32211154 0.00259105    9.62000
0.00000000 0.02514777 0.32095247 0.00213360    9.64000
0.00000000 0.02512522 0.31705161 0.00233364    9.66000
0.00000000 0.02531905 0.31607092 0.00213621    9.68000
0.00000000 0.02643676 0.31372663 0.00206025    9.70000
0.00000000 0.02568499 0.30700503 0.00221722    9.72000
0.00000000 0.02676473 0.30942362 0.00248731    9.74000
0.00000000 0.02543382 0.30913002 0.00215944    9.76000
0.00000000 0.02552487 0.30226523 0.00222280    9.78000
0.00000000 0.02611670 0.30032752 0.00247205    9.80000
0.00000000 0.02474821 0.29883193 0.00242954    9.82000
0.00000000 0.02460254 0.29496701 0.00200021    9.84000
0.00000000 0.02499925 0.29366454 0.00203679    9.86000
0.00000000 0.02579445 0.29145618 0.00203080    9.88000
0.00000000 0.02734535 0.28986295 0.00243239    9.90000
0.00000000 0.02519755 0.28458253 0.00255704    9.92000
0.00000000 0.02587601 0.28178609 0.00232720    9.94000
0.00000000 0.02596397 0.27895329 0.00230563    9.96000
0.00000000 0.02645006 0.27583117 0.00241827    9.98000
0.00000000 0.02590851 0.27670147 0.00210233    10.00000
0.00000000 0.02560569 0.27354899 0.00210174    10.02000
0.00000000 0.02583709 0.27125852 0.00256460    10.04000
0.00000000 0.02631816 0.27134775 0.00221780    10.06000
0.00000000 0.02534207 0.26736288 0.00209615    10.08000
0.00000000 0.02599456 0.26489495 0.00227490    10.10000
0.00000000 0.02681379 0.26365407 0.00204045    10.12000
0.00000000 0.02694901 0.25917835 0.00211379    10.14000
0.00000000 0.02621287 0.25873083 0.00229213    10.16000
0.00000000 0.02608249 0.25688878 0.00226480    10.18000
0.00000000 0.02544497 0.25496103 0.00237841    10.20000
0.00000000 0.02709124 0.25265448 0.00217938    10.22000
0.00000000 0.02517742 0.25246996 0.00236661    10.24000
0.00000000 0.02500381 0.24651356 0.00236964    10.26000
0.00000000 0.02556891 0.24449806 0.00182224    10.28000
0.00000000 0.02775179 0.24169301 0.00185993    10.30000
0.00000000 0.02566768 0.24015377 0.00206339    10.32000
0.00000000 0.02528388 0.24007157 0.00184163    10.34000
0.00000000 0.02649465 0.23706262 0.00227248    10.36000
0.00000000 0.02514042 0.23548032 0.00248528    10.38000
0.00000000 0.02631746 0.23487604 0.00209312    10.40000
0.00000000 0.02750686 0.23591109 0.00227692    10.42000
0.00000000 0.02608113 0.23624626 0.00234749    10.44000
0.00000000 0.02598578 0.23032893 0.00245757    10.46000
0.00000000 0.02603952 0.23273817 0.00211285    10.48000
0.00000000 0.02564655 0.22842946 0.00180727    10.50000
0.00000000 0.02589805 0.22611890 0.00211049    10.52000
0.00000000 0.02641496 0.22306785 0.00218838    10.54000
0.00000000 0.02575528 0.22485937 0.00229722    10.56000
0.00000000 0.02592867 0.22300157 0.00216486    10.58000
0.00000000 0.02594017 0.22158289 0.00199775    10.60000
0.00000000 0.02715123 0.22329273 0.00224633    10.62000
0.00000000 0.02603300 0.21565904 0.00203141    10.64000
0.00000000 0.02768245 0.21922564 0.00236105    10.66000
0.00000000 0.02711529 0.21649364 0.00214913    10.68000
0.00000000 0.02629763 0.21576461 0.00210389    10.70000
0.00000000 0.02617691 0.21418374 0.00237223    10.72000
0.00000000 0.02659481 0.21394703 0.00220637    10.74000
0.00000000 0.02596156 0.21024696 0.00240767    10.76000
0.00000000 0.02635263 0.21135173 0.00232021    10.78000
0.00000000 0.02727829 0.20590057 0.00189829    10.80000
0.00000000 0.02635765 0.20830848 0.00218579    10.82000
0.00000000 0.02742543 0.20621973 0.00221128    10.84000
0.00000000 0.02683749 0.20835640 0.00186996    10.86000
0.00000000 0.02642833 0.20472188 0.00210565    10.88000
0.00000000 0.02598838 0.20392636 0.00200195    10.90000
0.00000000 0.02553817 0.19951773 0.00197055    10.92000
0.00000000 0.02556167 0.20336912 0.00191692    10.94000
0.00000000 0.02670799 0.20351715 0.00222371    10.96000
0.00000000 0.02744971 0.19934911 0.00223437    10.98000
0.00000000 0.02630792 0.19884340 0.00192538    11.00000
0.00000000 0.02667468 0.19697788 0.00238377    11.02000
0.00000000 0.02557160 0.19537665 0.00228207    11.04000
0.00000000 0.02683439 0.19922233 0.00194073    11.06000
0.00000000 0.02561995 0.19683878 0.00212031    11.08000
0.00000000 0.02516477 0.19520376 0.00230592    11.10000
0.00000000 0.02643387 0.19593251 0.00189827    11.12000
0.00000000 0.02508754 0.19387961 0.00203467    11.14000
0.00000000 0.02491548 0.19374477 0.00200887    11.16000
0.00000000 0.02627819 0.19191504 0.00206772    11.18000
0.00000000 0.02697629 0.19323678 0.00210498    11.20000
0.00000000 0.02734882 0.19156933 0.00225959    11.22000
0.00000000 0.02662918 0.19218434 0.00190256    11.24000
0.00000000 0.02520983 0.18871510 0.00218506    11.26000
0.00000000 0.02643464 0.18990711 0.00208977    11.28000
0.00000000 0.02661064 0.18919388 0.00192445    11.30000
0.00000000 0.02620349 0.18633434 0.00187267    11.32000
0.00000000 0.02672395 0.18444596 0.00199131    11.34000
0.00000000 0.02582114 0.18413543 0.00173760    11.36000
0.00000000 0.02632639 0.18635213 0.00189878    11.38000
0.00000000 0.02605862 0.18617789 0.00185371    11.40000
0.00000000 0.02605582 0.18778851 0.00171542    11.42000
0.00000000 0.02525268 0.18469906 0.00215614    11.44000
0.00000000 0.02593630 0.18496967 0.00204180    11.46000
0.00000000 0.02639819 0.18375336 0.00207614    11.48000
0.00000000 0.02674994 0.18446421 0.00216974    11.50000
0.00000000 0.02759273 0.18174474 0.00234524    11.52000
0.00000000 0.02579731 0.18230605 0.00198973    11.54000
0.00000000 0.02623057 0.18225053 0.00186775    11.56000
0.00000000 0.02633444 0.18081751 0.00202663    11.58000
0.00000000 0.02543128 0.18184049 0.00195678    11.60000
0.00000000 0.02617533 0.17749050 0.00224449    11.62000
0.00000000 0.02690030 0.18139255 0.00192297    11.64000
0.00000000 0.02578712 0.18047207 0.00215445    11.66000
0.00000000 0.02563569 0.17921665 0.00203690    11.68000
0.00000000 0.02582082 0.17830303 0.00217462    11.70000
0.00000000 0.02600417 0.17825509 0.00215927    11.72000
0.00000000 0.02635041 0.17886660 0.00193487    11.74000
0.00000000 0.02647693 0.17828059 0.00208305    11.76000
0.00000000 0.02609708 0.17642272 0.00204017    11.78000
0.00000000 0.02577326 0.17455775 0.00206257    11.80000
0.00000000 0.02535646 0.17261890 0.00195044    11.82000
0.00000000 0.02675011 0.17427537 0.00200487    11.84000
0.00000000 0.02586613 0.17358217 0.00193569    11.86000
0.00000000 0.02623367 0.17321041 0.00198291    11.88000
0.00000000 0.02718401 0.17444605 0.00192632    11.90000
0.00000000 0.02684541 0.17481618 0.00208579    11.92000
0.00000000 0.02637915 0.17178510 0.00184823    11.94000
0.00000000 0.02679520 0.17460181 0.00208908    11.96000
0.00000000 0.02531782 0.17064503 0.00182643    11.98000
0.00000000 0.02627519 0.17208527 0.00215486    12.00000
0.00000000 0.02698928 0.17094497 0.00193894    12.02000
0.00000000 0.02683896 0.17094988 0.00179382    12.04000
0.00000000 0.02521546 0.16974976 0.00188213    12.06000
0.00000000 0.02644839 0.16963894 0.00214317    12.08000
0.00000000 0.02562479 0.16913685 0.00191320    12.10000
0.00000000 0.02611687 0.16846698 0.00183934    12.12000
0.00000000 0.02565560 0.17093514 0.00186361    12.14000
0.00000000 0.02723598 0.16929024 0.00188950    12.16000
0.00000000 0.02729269 0.16504396 0.00221977    12.18000
0.00000000 0.02649781 0.16657337 0.00177789    12.20000
0.00000000 0.02715094 0.16582268 0.00162598    12.22000
0.00000000 0.02768376 0.16076400 0.00165527    12.24000
0.00000000 0.02661384 0.16382615 0.00179510    12.26000
0.00000000 0.02653039 0.16476872 0.00211242    12.28000
0.00000000 0.02570843 0.16130321 0.00187796    12.30000
0.00000000 0.02683964 0.16243914 0.00194618    12.32000
0.00000000 0.02617137 0.16405784 0.00189582    12.34000
0.00000000 0.02647448 0.16275738 0.00203876    12.36000
0.00000000 0.02629124 0.16060622 0.00200822    12.38000
0.00000000 0.02646355 0.15995247 0.00170323    12.40000
0.00000000 0.02647017 0.15687157 0.00176688    12.42000
0.00000000 0.02728854 0.15852430 0.00183976    12.44000
0.00000000 0.02519780 0.15924624 0.00192564    12.46000
0.00000000 0.02600255 0.15837103 0.00219976    12.48000
0.00000000 0.02510416 0.16197221 0.00212669    12.50000
0.00000000 0.02556705 0.15919025 0.00178842    12.52000
0.00000000 0.02669675 0.15687065 0.00199711    12.54000
0.00000000 0.02678921 0.15841956 0.00190507    12.56000
0.00000000 0.02648299 0.15465194 0.00180970    12.58000
0.00000000 0.02583021 0.15472009 0.00203420    12.60000
0.00000000 0.02587461 0.15585198 0.00174970    12.62000
0.00000000 0.02563510 0.15140643 0.00184293    12.64000
0.00000000 0.02564467 0.15695709 0.00168205    12.66000
0.00000000 0.02685789 0.15227466 0.00191414    12.68000
0.00000000 0.02591183 0.15458492 0.00187332    12.70000
0.00000000 0.02637816 0.15097653 0.00189375    12.72000
0.00000000 0.02568015 0.15302120 0.00178664    12.74000
0.00000000 0.02663956 0.15119690 0.00183172    12.76000
0.00000000 0.02619094 0.15143018 0.00196628    12.78000
0.00000000 0.02571649 0.14891060 0.00194235    12.80000
0.00000000 0.02582420 0.15057608 0.00166315    12.82000
0.00000000 0.02646070 0.14809028 0.00159336    12.84000
0.00000000 0.02619940 0.14736880 0.00173720    12.86000
0.00000000 0.02591096 0.14873456 0.00157871    12.88000
0.00000000 0.02612858 0.14726732 0.00181395    12.90000
0.00000000 0.02623505 0.14758974 0.00222748    12.92000
0.00000000 0.02578944 0.14000042 0.00191666    12.94000
0.00000000 0.02539650 0.10220556 0.00179756    12.96000
0.00000000 0.02643901 0.06085164 0.00168054    12.98000
0.00000000 0.02635074 0.04946924 0.00179363    13.00000
0.00000000 0.02612816 0.05072794 0.00203746    13.02000
0.00000000 0.02555661 0.05085614 0.00185304    13.04000
0.00000000 0.02591281 0.04978646 0.00195878    13.06000
0.00000000 0.02546598 0.04882874 0.00183521    13.08000
0.00000000 0.02690207 0.05012897 0.00161961    13.10000
0.00000000 0.02658682 0.04907733 0.00180313    13.12000
0.00000000 0.02532607 0.04947155 0.00177533    13.14000
0.00000000 0.02526302 0.05077688 0.00180836    13.16000
0.00000000 0.02567811 0.04877018 0.00197967    13.18000
0.00000000 0.02703284 0.04845699 0.00180981    13.20000
0.00000000 0.02562457 0.04839568 0.00186105    13.22000
0.00000000 0.02510874 0.04759481 0.00204177    13.24000
0.00000000 0.02603319 0.04710610 0.00171375    13.26000
0.00000000 0.02574471 0.04808203 0.00212100    13.28000
0.00000000 0.02597799 0.04784349 0.00155765    13.30000
0.00000000 0.02506233 0.04759381 0.00178183    13.32000
0.00000000 0.02489726 0.04743961 0.00185402    13.34000
0.00000000 0.02563503 0.04830278 0.00171240    13.36000
0.00000000 0.02605655 0.04738054 0.00181580    13.38000
0.00000000 0.02641400 0.04769892 0.00185161    13.40000
0.00000000 0.02527532 0.04824001 0.00188121    13.42000
0.00000000 0.02563284 0.04511221 0.00186802    13.44000
0.00000000 0.02563473 0.04519781 0.00173612    13.46000
0.00000000 0.02616373 0.04646679 0.00185060    13.48000
0.00000000 0.02610238 0.04626928 0.00180144    13.50000
0.00000000 0.02599261 0.04538296 0.00172821    13.52000
0.00000000 0.02523265 0.04585268 0.00198783    13.54000
0.00000000 0.02650857 0.04478318 0.00168197    13.56000
0.00000000 0.02508130 0.04618304 0.00167407    13.58000
0.00000000 0.02528611 0.04530206 0.00179490    13.60000
0.00000000 0.02649776 0.04489922 0.00163408    13.62000
0.00000000 0.02562534 0.04549360 0.00183040    13.64000
0.00000000 0.02560140 0.04629441 0.00167501    13.66000
0.00000000 0.02592169 0.04526829 0.00191597    13.68000
0.00000000 0.02547790 0.04464875 0.00165094    13.70000
0.00000000 0.02676937 0.04423828 0.00166275    13.72000
0.00000000 0.02542513 0.04451887 0.00176458    13.74000
0.00000000 0.02464669 0.04459198 0.00196259    13.76000
0.00000000 0.02608461 0.04428655 0.00170738    13.78000
0.00000000 0.02622660 0.04442847 0.00169402    13.80000
0.00000000 0.02525467 0.04390698 0.00178264    13.82000
0.00000000 0.02672097 0.04352397 0.00167053    13.84000
0.00000000 0.02568221 0.04316485 0.00161160    13.86000
0.00000000 0.02544064 0.04346692 0.00189114    13.88000
0.00000000 0.02528978 0.04232471 0.00187757    13.90000
0.00000000 0.02604741 0.04237743 0.00170996    13.92000
0.00000000 0.02575112 0.04254333 0.00157474    13.94000
0.00000000 0.02552256 0.04215424 0.00146279    13.96000
0.00000000 0.02442508 0.04333702 0.00176937    13.98000
0.00000000 0.02531221 0.04153738 0.00173288    14.00000
0.00000000 0.02625223 0.04225567 0.00161448    14.02000
0.00000000 0.02579793 0.04181295 0.00182613    14.04000
0.00000000 0.02656903 0.04239398 0.00183772    14.06000
0.00000000 0.02513408 0.04032538 0.00156398    14.08000
0.00000000 0.02567810 0.04090687 0.00157998    14.10000
0.00000000 0.02588731 0.04143077 0.00176003    14.12000
0.00000000 0.02524764 0.04017674 0.00162851    14.14000
0.00000000 0.02465686 0.04061093 0.00153559    14.16000
0.00000000 0.02617603 0.04094363 0.00164203    14.18000
0.00000000 0.02518392 0.03984022 0.00173650    14.20000
0.00000000 0.02558101 0.04076188 0.00166253    14.22000
0.00000000 0.02563532 0.03897398 0.00156476    14.24000
0.00000000 0.02396751 0.04121264 0.00170246    14.26000
0.00000000 0.02550666 0.04009289 0.00163150    14.28000
0.00000000 0.02505290 0.03895418 0.00178504    14.30000
0.00000000 0.02667715 0.03962795 0.00143038    14.32000
0.00000000 0.02502497 0.03959475 0.00185749    14.34000
0.00000000 0.02577215 0.03882454 0.00167449    14.36000
0.00000000 0.02553618 0.03985822 0.00168435    14.38000
0.00000000 0.02531589 0.03930921 0.00172163    14.40000
0.00000000 0.02498412 0.03860833 0.00182824    14.42000
0.00000000 0.02545916 0.03950673 0.00193925    14.44000
0.00000000 0.02527193 0.03955045 0.00161878    14.46000
0.00000000 0.02463172 0.03776110 0.00165824    14.48000
0.00000000 0.02454164 0.03959396 0.00165386    14.50000
0.00000000 0.02513665 0.03856022 0.00162656    14.52000
0.00000000 0.02548207 0.03837683 0.00163314    14.54000
0.00000000 0.02579891 0.03714144 0.00169993    14.56000
0.00000000 0.02479467 0.03724223 0.00163456    14.58000
0.00000000 0.02494490 0.03761326 0.00163618    14.60000
0.00000000 0.02546957 0.03719444 0.00174259    14.62000
0.00000000 0.02605545 0.03853574 0.00177703    14.64000
0.00000000 0.02537650 0.03719001 0.00147852    14.66000
0.00000000 0.02477324 0.03739766 0.00186431    14.68000
0.00000000 0.02443806 0.03707813 0.00168456    14.70000
0.00000000 0.02543223 0.03656628 0.00174611    14.72000
0.00000000 0.02511885 0.03637737 0.00180066    14.74000
0.00000000 0.02520503 0.03679907 0.00178331    14.76000
0.00000000 0.02584269 0.03764719 0.00172808    14.78000
0.00000000 0.02360597 0.03801267 0.00178506    14.80000
0.00000000 0.02488805 0.03601056 0.00166031    14.82000
0.00000000 0.02555577 0.03582367 0.00160239    14.84000
0.00000000 0.02485404 0.03633896 0.00158360    14.86000
0.00000000 0.02540511 0.03486743 0.00167905    14.88000
0.00000000 0.02547453 0.03607182 0.00157975    14.90000
0.00000000 0.02419495 0.03515521 0.00158555    14.92000
0.00000000 0.02430126 0.03663095 0.00159685    14.94000
0.00000000 0.02533340 0.03634967 0.00175230    14.96000
0.00000000 0.02546187 0.03555237 0.00144521    14.98000
0.00000000 0.02427086 0.03475719 0.00155183    15.00000
0.00000000 0.02532041 0.03518427 0.00146206    15.02000
0.00000000 0.02474305 0.03500096 0.00141163    15.04000
0.00000000 0.02387382 0.03559443 0.00163566    15.06000
0.00000000 0.02439711 0.03423767 0.00164545    15.08000
0.00000000 0.02477016 0.03456902 0.00144482    15.10000
0.00000000 0.02477436 0.03526519 0.00164688    15.12000
0.00000000 0.02410123 0.03445687 0.00154695    15.14000
0.00000000 0.02413046 0.03466156 0.00166812    15.16000
0.00000000 0.02414057 0.03436614 0.00155011    15.18000
0.00000000 0.02464578 0.03444568 0.00156999    15.20000
0.00000000 0.02437464 0.03288491 0.00149029    15.22000
0.00000000 0.02388769 0.03400286 0.00144204    15.24000
0.00000000 0.02492928 0.03396868 0.00174776    15.26000
0.00000000 0.02492866 0.03393458 0.00135021    15.28000
0.00000000 0.02375592 0.03440656 0.00159699    15.30000
0.00000000 0.02439005 0.03297978 0.00150598    15.32000
0.00000000 0.02551634 0.03298830 0.00155652    15.34000
0.00000000 0.02415124 0.03246195 0.00134035    15.36000
0.00000000 0.02449859 0.03308747 0.00156856    15.38000
0.00000000 0.02367932 0.03295219 0.00163395    15.40000
0.00000000 0.02429992 0.03100376 0.00179047    15.42000
0.00000000 0.02452299 0.03239618 0.00152853    15.44000
0.00000000 0.02369073 0.03320250 0.00172249    15.46000
0.00000000 0.02424900 0.03245541 0.00144573    15.48000
0.00000000 0.02449007 0.03224028 0.00155694    15.50000
0.00000000 0.02405885 0.03250416 0.00166234    15.52000
0.00000000 0.02419378 0.03176085 0.00129746    15.54000
0.00000000 0.02411480 0.03188251 0.00156657    15.56000
0.00000000 0.02494621 0.03194301 0.00157747    15.58000
0.00000000 0.02373577 0.03171979 0.00164491    15.60000
0.00000000 0.02430328 0.03254906 0.00159351    15.62000
0.00000000 0.02442320 0.03175994 0.00134169    15.64000
0.00000000 0.02425059 0.03157816 0.00155073    15.66000
0.00000000 0.02523771 0.03170920 0.00143739    15.68000
0.00000000 0.02427484 0.03161851 0.00142671    15.70000
0.00000000 0.02377455 0.03099539 0.00120639    15.72000
0.00000000 0.02328273 0.03064486 0.00137062    15.74000
0.00000000 0.02380408 0.03149821 0.00153237    15.76000
0.00000000 0.02444900 0.02964611 0.00137771    15.78000
0.00000000 0.02419859 0.03086855 0.00153716    15.80000
0.00000000 0.02527109 0.03118908 0.00150063    15.82000
0.00000000 0.02388508 0.03090036 0.00156441    15.84000
0.00000000 0.02387010 0.03035337 0.00150961    15.86000
0.00000000 0.02440579 0.03102156 0.00152421    15.88000
0.00000000 0.02378756 0.03012801 0.00140607    15.90000
0.00000000 0.02386950 0.02996117 0.00126561    15.92000
0.00000000 0.02461399 0.02986413 0.00133033    15.94000
0.00000000 0.02478296 0.03040089 0.00153257    15.96000
0.00000000 0.02324602 0.02925553 0.00133069    15.98000
0.00000000 0.02460608 0.02999908 0.00155970    16.00000
0.00000000 0.02387222 0.02981371 0.00166168    16.02000
0.00000000 0.02361441 0.03009176 0.00153416    16.04000
0.00000000 0.02384648 0.02917875 0.00132998    16.06000
0.00000000 0.02406076 0.02947655 0.00157768    16.08000
0.00000000 0.02312316 0.02925350 0.00147135    16.10000
0.00000000 0.02352917 0.02942305 0.00135353    16.12000
0.00000000 0.02379551 0.02956282 0.00162566    16.14000
0.00000000 0.02300759 0.02980001 0.00154887    16.16000
0.00000000 0.02363838 0.02928472 0.00149256    16.18000
0.00000000 0.02417836 0.02926809 0.00131166    16.20000
0.00000000 0.02349132 0.02902747 0.00118276    16.22000
0.00000000 0.02316240 0.02834964 0.00169391    16.24000
0.00000000 0.02279062 0.02875205 0.00178705    16.26000
0.00000000 0.02337516 0.02743571 0.00144853    16.28000
0.00000000 0.02370161 0.02837136 0.00136034    16.30000
0.00000000 0.02438818 0.02809459 0.00151736    16.32000
0.00000000 0.02391401 0.02724800 0.00148073    16.34000
0.00000000 0.02382488 0.02723403 0.00139734    16.36000
0.00000000 0.02365541 0.02872481 0.00140149    16.38000
0.00000000 0.02341377 0.02779385 0.00137812    16.40000
0.00000000 0.02292437 0.02755795 0.00146433    16.42000
0.00000000 0.02392880 0.02716886 0.00137323    16.44000
0.00000000 0.02296465 0.02820133 0.00128847    16.46000
0.00000000 0.02381156 0.02789869 0.00145851    16.48000
0.00000000 0.02285973 0.02630407 0.00112027    16.50000
0.00000000 0.02367398 0.02714257 0.00127063    16.52000
0.00000000 0.02344269 0.02672767 0.00150820    16.54000
0.00000000 0.02345379 0.02723924 0.00132073    16.56000
0.00000000 0.02387680 0.02760664 0.00129965    16.58000
0.00000000 0.02312032 0.02713557 0.00128233    16.60000
0.00000000 0.02336828 0.02623785 0.00131197    16.62000
0.00000000 0.02321628 0.02795342 0.00147455    16.64000
0.00000000 0.02439447 0.02696204 0.00131635    16.66000
0.00000000 0.02353680 0.02639928 0.00134617    16.68000
0.00000000 0.02320638 0.02652852 0.00137299    16.70000
0.00000000 0.02309380 0.02660075 0.00164036    16.72000
0.00000000 0.02281275 0.02688045 0.00130040    16.74000
0.00000000 0.02319866 0.02586798 0.00154641    16.76000
0.00000000 0.02309711 0.02618555 0.00134557    16.78000
0.00000000 0.02245806 0.02602273 0.00127082    16.80000
0.00000000 0.02257247 0.02640512 0.00119257    16.82000
0.00000000 0.02298132 0.02603602 0.00136205    16.84000
0.00000000 0.02318981 0.02578961 0.00139927    16.86000
0.00000000 0.02357190 0.02586203 0.00121721    16.88000
0.00000000 0.02327150 0.02675700 0.00139323    16.90000
0.00000000 0.02338782 0.02525933 0.00159738    16.92000
0.00000000 0.02308899 0.02613424 0.00133838    16.94000
0.00000000 0.02301566 0.02640155 0.00139369    16.96000
0.00000000 0.02280720 0.02513290 0.00138671    16.98000
0.00000000 0.02337550 0.02466653 0.00123213    17.00000
0.00000000 0.02272030 0.02566799 0.00140346    17.02000
0.00000000 0.02326504 0.02500737 0.00129664    17.04000
0.00000000 0.02286809 0.02499659 0.00112179    17.06000
0.00000000 0.02308607 0.02530961 0.00132203    17.08000
0.00000000 0.02268699 0.02440225 0.00122040    17.10000
0.00000000 0.02331137 0.02460448 0.00117512    17.12000
0.00000000 0.02239265 0.02466797 0.00135102    17.14000
0.00000000 0.02238661 0.02489705 0.00124409    17.16000
0.00000000 0.02230284 0.02500603 0.00140459    17.18000
0.00000000 0.02277371 0.02424208 0.00138653    17.20000
0.00000000 0.02299969 0.02553521 0.00119759    17.22000
0.00000000 0.02326493 0.02424086 0.00137205    17.24000
0.00000000 0.02273877 0.02430433 0.00134681    17.26000
0.00000000 0.02214443 0.02359959 0.00119685    17.28000
0.00000000 0.02316428 0.02414770 0.00133696    17.30000
0.00000000 0.02233957 0.02365459 0.00138448    17.32000
0.00000000 0.02257968 0.02367288 0.00121500    17.34000
0.00000000 0.02243633 0.02351820 0.00116513    17.36000
0.00000000 0.02370138 0.02434571 0.00135467    17.38000
0.00000000 0.02280872 0.02320083 0.00121686    17.40000
0.00000000 0.02216839 0.02392703 0.00136700    17.42000
0.00000000 0.02300402 0.02373653 0.00127690    17.44000
0.00000000 0.02209897 0.02291301 0.00125534    17.46000
0.00000000 0.02257141 0.02350147 0.00135017    17.48000
0.00000000 0.02287041 0.02325793 0.00142326    17.50000
0.00000000 0.02208848 0.02294281 0.00131505    17.52000
0.00000000 0.02286477 0.02356525 0.00136236    17.54000
0.00000000 0.02220634 0.02318751 0.00129523    17.56000
0.00000000 0.02305527 0.02388914 0.00126145    17.58000
0.00000000 0.02288629 0.02289245 0.00139556    17.60000
0.00000000 0.02252875 0.02361076 0.00109151    17.62000
0.00000000 0.02326977 0.02293014 0.00119524    17.64000
0.00000000 0.02217831 0.02282366 0.00116438    17.66000
0.00000000 0.02214964 0.02235995 0.00133700    17.68000
0.00000000 0.02236246 0.02191515 0.00138462    17.70000
0.00000000 0.02227721 0.02206876 0.00130468    17.72000
0.00000000 0.02242515 0.02251594 0.00130759    17.74000
0.00000000 0.02144002 0.02223260 0.00150829    17.76000
0.00000000 0.02193556 0.02234979 0.00118697    17.78000
0.00000000 0.02196240 0.02291055 0.00137270    17.80000
0.00000000 0.02220554 0.02297352 0.00136976    17.82000
0.00000000 0.02226540 0.02187611 0.00124381    17.84000
0.00000000 0.02270936 0.02172777 0.00146564    17.86000
0.00000000 0.02273549 0.02192441 0.00134889    17.88000
0.00000000 0.02152671 0.02179400 0.00134381    17.90000
0.00000000 0.02220267 0.02179614 0.00123425    17.92000
0.00000000 0.02248141 0.02157809 0.00114459    17.94000
0.00000000 0.02284124 0.02194117 0.00120447    17.96000
0.00000000 0.02246535 0.02211011 0.00120725    17.98000
0.00000000 0.02242942 0.02154132 0.00147459    18.00000
0.00000000 0.02235566 0.02255208 0.00113930    18.02000
0.00000000 0.02188627 0.02177386 0.00137803    18.04000
0.00000000 0.02180955 0.02174101 0.00127353    18.06000
0.00000000 0.02135269 0.02180436 0.00136283    18.08000
0.00000000 0.02210883 0.02102081 0.00131597    18.10000
0.00000000 0.02149586 0.02019539 0.00120810    18.12000
0.00000000 0.02138129 0.02135774 0.00136761    18.14000
0.00000000 0.02182037 0.02129073 0.00136659    18.16000
0.00000000 0.02195993 0.02122386 0.00125838    18.18000
0.00000000 0.02149651 0.02177354 0.00128135    18.20000
0.00000000 0.02265264 0.02047485 0.00134571    18.22000
0.00000000 0.02223724 0.02025317 0.00113117    18.24000
0.00000000 0.02215513 0.02142513 0.00127247    18.26000
0.00000000 0.02193157 0.02019159 0.00128285    18.28000
0.00000000 0.02176758 0.02125745 0.00129771    18.30000
0.00000000 0.02114911 0.02080301 0.00127440    18.32000
0.00000000 0.02206153 0.01979819 0.00130454    18.34000
0.00000000 0.02236199 0.02078353 0.00094087    18.36000
0.00000000 0.02115270 0.02057181 0.00125338    18.38000
0.00000000 0.02200937 0.02084143 0.00119544    18.40000
0.00000000 0.02196586 0.02008968 0.00105043    18.42000
0.00000000 0.02079175 0.02023928 0.00112459    18.44000
0.00000000 0.02204587 0.02019168 0.00112551    18.46000
0.00000000 0.02123305 0.01997319 0.00120839    18.48000
0.00000000 0.02212579 0.02007972 0.00110696    18.50000
0.00000000 0.02109395 0.01988741 0.00123163    18.52000
0.00000000 0.02086782 0.01934610 0.00118512    18.54000
0.00000000 0.02150693 0.01996376 0.00136429    18.56000
0.00000000 0.02116822 0.01947455 0.00133225    18.58000
0.00000000 0.02196080 0.02014172 0.00104153    18.60000
0.00000000 0.02153544 0.02001827 0.00112614    18.62000
0.00000000 0.02138082 0.01998832 0.00129968    18.64000
0.00000000 0.02092552 0.01974675 0.00126533    18.66000
0.00000000 0.02171803 0.01838915 0.00124484    18.68000
0.00000000 0.02092298 0.01983128 0.00110224    18.70000
0.00000000 0.02229186 0.01975946 0.00138837    18.72000
0.00000000 0.02190731 0.01949387 0.00133931    18.74000
0.00000000 0.02062226 0.01895089 0.00114477    18.76000
0.00000000 0.02081510 0.01944395 0.00097745    18.78000
0.00000000 0.02183629 0.01905347 0.00119742    18.80000
0.00000000 0.02027866 0.01912559 0.00122250    18.82000
0.00000000 0.02123992 0.01960012 0.00110334    18.84000
0.00000000 0.02149409 0.01879182 0.00125700    18.86000
0.00000000 0.02111985 0.01928244 0.00126587    18.88000
0.00000000 0.02056584 0.01837586 0.00124036    18.90000
0.00000000 0.02100619 0.01865709 0.00133881    18.92000
0.00000000 0.02080383 0.01924641 0.00127161    18.94000
0.00000000 0.02107696 0.01932613 0.00111301    18.96000
0.00000000 0.02094309 0.01913095 0.00123517    18.98000
0.00000000 0.02092756 0.01910250 0.00118730    19.00000
0.00000000 0.02123905 0.01815198 0.00113939    19.02000
0.00000000 0.02117094 0.01875534 0.00105989    19.04000
0.00000000 0.02042309 0.01827142 0.00120473    19.06000
0.00000000 0.02114383 0.01880713 0.00114689    19.08000
0.00000000 0.02103042 0.01823318 0.00100507    19.10000
0.00000000 0.02096664 0.01845377 0.00115739    19.12000
0.00000000 0.02042559 0.01832718 0.00118710    19.14000
0.00000000 0.02008744 0.01825858 0.00106798    19.16000
0.00000000 0.02099571 0.01799240 0.00113120    19.18000
0.00000000 0.02057581 0.01763625 0.00135283    19.20000
0.00000000 0.02081652 0.01757680 0.00125227    19.22000
0.00000000 0.02093993 0.01821555 0.00108564    19.24000
0.00000000 0.02131717 0.01789309 0.00126676    19.26000
0.00000000 0.02072965 0.01789913 0.00105828    19.28000
0.00000000 0.02121182 0.01755310 0.00096869    19.30000
0.00000000 0.02048851 0.01822195 0.00116660    19.32000
0.00000000 0.02020539 0.01791716 0.00109056    19.34000
0.00000000 0.02032196 0.01845365 0.00114129    19.36000
0.00000000 0.02043420 0.01748068 0.00117925    19.38000
0.00000000 0.02036983 0.01745453 0.00097756    19.40000
0.00000000 0.01980664 0.01746911 0.00124009    19.42000
0.00000000 0.02132149 0.01758932 0.00114763    19.44000
0.00000000 0.02012910 0.01718150 0.00113558    19.46000
0.00000000 0.02042297 0.01772356 0.00114785    19.48000
0.00000000 0.01969244 0.01731644 0.00114273    19.50000
0.00000000 0.02115994 0.01702348 0.00107839    19.52000
0.00000000 0.01958774 0.01683625 0.00115409    19.54000
0.00000000 0.02014118 0.01707755 0.00097283    19.56000
0.00000000 0.01994918 0.01718924 0.00125479    19.58000
0.00000000 0.01982994 0.01763123 0.00103949    19.60000
0.00000000 0.02025159 0.01635690 0.00108401    19.62000
0.00000000 0.01970836 0.01718502 0.00114113    19.64000
0.00000000 0.02033842 0.01656476 0.00107178    19.66000
0.00000000 0.01997416 0.01710997 0.00097067    19.68000
0.00000000 0.02006851 0.01698833 0.00116678    19.70000
0.00000000 0.01995666 0.01677881 0.00116191    19.72000
0.00000000 0.02005754 0.01684987 0.00112475    19.74000
0.00000000 0.02120537 0.01660092 0.00112335    19.76000
0.00000000 0.02005441 0.01674391 0.00111544    19.78000
0.00000000 0.02046611 0.01678287 0.00115324    19.80000
0.00000000 0.01945720 0.01685364 0.00111314    19.82000
0.00000000 0.02078540 0.01676498 0.00125678    19.84000
0.00000000 0.02104202 0.01611955 0.00123597    19.86000
0.00000000 0.01989615 0.01633385 0.00101230    19.88000
0.00000000 0.02001021 0.01624598 0.00118490    19.90000
0.00000000 0.02013938 0.01686426 0.00101540    19.92000
0.00000000 0.01984506 0.01658585 0.00101019    19.94000
0.00000000 0.02054207 0.01604675 0.00112724    19.96000
0.00000000 0.02075949 0.01631541 0.00103338    19.98000

#   *** Simulation REPORT: ***
#       Fraction of energy detected (over the mean energy of the spectrum): 92.593%
#       Maximum energy detected in pixel 0: (x,y)=(0,0) -> pixel value = 914190.035958 eV/cm^2
#       Simulated x rays:    1006720000
#       Simulation time [s]: 2.35
#       Speed [x-rays/sec]:  427904042.93

