# 
# !!radialProfile!! *** Image tally disabled: the reported result is a radial profile of the detected signal.
#               Detector max radius: 20.000000 cm. Radial bins: 1000. Radial bin thickness: 0.020000 cm.
#               The output profile is normalized by the area of the radial bins (at bigger radius, the area is bigger).
# 
# 
#     *****************************************************************************
#     ***         MC-GPU, version 1.3 (http://code.google.com/p/mcgpu/)         ***
#     ***                                                                       ***
#     ***                     Andreu Badal (Andreu.Badal-Soler@fda.hhs.gov)     ***
#     *****************************************************************************
# 
#  *** SIMULATION IN THE GPU USING CUDA ***
#
#  Image created counting the energy arriving at each pixel: ideal energy integrating detector.
#  Pixel value units: eV/cm^2 per history (energy fluence).
#  Focal spot position = (0.49900001,0.00000000,0.49900001), cone beam direction = (0.00000000,1.00000000,0.00000000)
#  Pixel size:  0.020000 x 1.000000 = 0.020000 cm^2
#  Number of pixels in X and Z:  1000  1
#  (X rows given first, a blank line separates the different Z values)
# 
#  [NON-SCATTERED] [COMPTON] [RAYLEIGH] [MULTIPLE-SCATTING]    [Lower bin radius: angle = atan(radius/object-detector-dist]
# ==========================================================
14674187.78601167 0.00000000 0.00000000 0.00000000    0.00000
0.00000000 0.00000000 0.03161851 0.00000000    0.02000
0.00000000 0.00000000 0.01264740 0.00000000    0.04000
0.00000000 0.00000000 0.04742777 0.00206375    0.06000
0.00000000 0.00000000 0.02810534 0.00153141    0.08000
0.00000000 0.00000000 0.04311615 0.00256751    0.10000
0.00000000 0.00000000 0.02918632 0.00239385    0.12000
0.00000000 0.00000000 0.03056456 0.00204184    0.14000
0.00000000 0.00000000 0.04184803 0.00178307    0.16000
0.00000000 0.00000000 0.02412992 0.00077816    0.18000
0.00000000 0.00000000 0.03086569 0.00069573    0.20000
0.00000000 0.00000000 0.03780474 0.00137472    0.22000
0.00000000 0.00000000 0.03667747 0.00063105    0.24000
0.00000000 0.00000000 0.03220404 0.00106464    0.26000
0.00000000 0.00000000 0.04470203 0.00312412    0.28000
0.00000000 0.00000000 0.03161851 0.00047456    0.30000
0.00000000 0.00000000 0.03209758 0.00231606    0.32000
0.00000000 0.00000000 0.03568375 0.00313554    0.34000
0.00000000 0.00000000 0.03119124 0.00042728    0.36000
0.00000000 0.00000000 0.02756486 0.00112292    0.38000
0.00000000 0.00000000 0.03277529 0.00263224    0.40000
0.00000000 0.00000000 0.03933931 0.00105531    0.42000
0.00000000 0.00000000 0.02845666 0.00172482    0.44000
0.00000000 0.00000000 0.02892758 0.00161581    0.46000
0.00000000 0.00000000 0.02903741 0.00153118    0.48000
0.00000000 0.00000000 0.02944861 0.00148815    0.50000
0.00000000 0.00000000 0.03997057 0.00230212    0.52000
0.00000000 0.00000000 0.03822966 0.00162071    0.54000
0.00000000 0.00000000 0.03245058 0.00055428    0.56000
0.00000000 0.00000000 0.03295828 0.00158120    0.58000
0.00000000 0.00000000 0.03576520 0.00127167    0.60000
0.00000000 0.00000000 0.03613544 0.00072385    0.62000
0.00000000 0.00000000 0.03891509 0.00262757    0.64000
0.00000000 0.00000000 0.03610173 0.00062728    0.66000
0.00000000 0.00000000 0.03413883 0.00158138    0.68000
0.00000000 0.00000000 0.03206384 0.00167116    0.70000
0.00000000 0.00000000 0.03226821 0.00166427    0.72000
0.00000000 0.00000000 0.03119693 0.00282503    0.74000
0.00000000 0.00000000 0.03387698 0.00196039    0.76000
0.00000000 0.00000000 0.03141840 0.00172738    0.78000
0.00000000 0.00000000 0.03200886 0.00095420    0.80000
0.00000000 0.00000000 0.03333277 0.00219737    0.82000
0.00000000 0.00000000 0.03068856 0.00091440    0.84000
0.00000000 0.00000000 0.03361738 0.00139999    0.86000
0.00000000 0.00000000 0.03801327 0.00203693    0.88000
0.00000000 0.00000000 0.03804645 0.00213164    0.90000
0.00000000 0.00016986 0.03501835 0.00197490    0.92000
0.00000000 0.00000000 0.03611167 0.00080061    0.94000
0.00000000 0.00000000 0.03585604 0.00203535    0.96000
0.00000000 0.00000000 0.03321541 0.00138122    0.98000
0.00000000 0.00000000 0.03459253 0.00223253    1.00000
0.00000000 0.00000000 0.03760454 0.00244474    1.02000
0.00000000 0.00000000 0.02966118 0.00258372    1.04000
0.00000000 0.00000000 0.03176626 0.00126952    1.06000
0.00000000 0.00000000 0.03683992 0.00083392    1.08000
0.00000000 0.00000000 0.03432460 0.00111309    1.10000
0.00000000 0.00000000 0.03063918 0.00120978    1.12000
0.00000000 0.00000000 0.03684244 0.00211996    1.14000
0.00000000 0.00000000 0.03391558 0.00132383    1.16000
0.00000000 0.00013274 0.03254847 0.00127992    1.18000
0.00000000 0.00013055 0.03579947 0.00101322    1.20000
0.00000000 0.00012844 0.03547443 0.00134778    1.22000
0.00000000 0.00025274 0.03579216 0.00123963    1.24000
0.00000000 0.00024872 0.03261437 0.00168952    1.26000
0.00000000 0.00036738 0.03345680 0.00191374    1.28000
0.00000000 0.00000000 0.03173919 0.00106715    1.30000
0.00000000 0.00011877 0.03447131 0.00138989    1.32000
0.00000000 0.00011702 0.03864485 0.00111296    1.34000
0.00000000 0.00011530 0.03161851 0.00188001    1.36000
0.00000000 0.00022730 0.03275587 0.00203335    1.38000
0.00000000 0.00011202 0.03363672 0.00099750    1.40000
0.00000000 0.00011045 0.03537736 0.00149864    1.42000
0.00000000 0.00032682 0.03478036 0.00145346    1.44000
0.00000000 0.00032240 0.03742599 0.00113891    1.46000
0.00000000 0.00031806 0.03299784 0.00172467    1.48000
0.00000000 0.00010461 0.03465473 0.00130801    1.50000
0.00000000 0.00051619 0.03275513 0.00129340    1.52000
0.00000000 0.00101917 0.02937462 0.00139731    1.54000
0.00000000 0.00040247 0.03161851 0.00166007    1.56000
0.00000000 0.00089412 0.03122080 0.00125033    1.58000
0.00000000 0.00058872 0.03328781 0.00216247    1.60000
0.00000000 0.00058145 0.03171550 0.00135342    1.62000
0.00000000 0.00124455 0.03564269 0.00172350    1.64000
0.00000000 0.00085131 0.03218651 0.00192013    1.66000
0.00000000 0.00112157 0.03386361 0.00214439    1.68000
0.00000000 0.00092376 0.03392981 0.00107815    1.70000
0.00000000 0.00100433 0.03079607 0.00139221    1.72000
0.00000000 0.00099296 0.03568375 0.00139094    1.74000
0.00000000 0.00089241 0.03492327 0.00155273    1.76000
0.00000000 0.00123540 0.03417979 0.00144287    1.78000
0.00000000 0.00087269 0.03485024 0.00177920    1.80000
0.00000000 0.00129468 0.03092740 0.00114980    1.82000
0.00000000 0.00119533 0.03409672 0.00146494    1.84000
0.00000000 0.00118253 0.03136489 0.00130549    1.86000
0.00000000 0.00142070 0.03647003 0.00163921    1.88000
0.00000000 0.00140588 0.03484658 0.00157021    1.90000
0.00000000 0.00204607 0.03235573 0.00118858    1.92000
0.00000000 0.00145799 0.03534788 0.00085002    1.94000
0.00000000 0.00144326 0.03290251 0.00100118    1.96000
0.00000000 0.00142876 0.03559069 0.00173741    1.98000
0.00000000 0.00188597 0.03397810 0.00165877    2.00000
0.00000000 0.00163389 0.03294244 0.00140955    2.02000
0.00000000 0.00138682 0.03416342 0.00148194    2.04000
0.00000000 0.00274710 0.03589541 0.00129080    2.06000
0.00000000 0.00264516 0.03245058 0.00121203    2.08000
0.00000000 0.00217086 0.03596418 0.00107369    2.10000
0.00000000 0.00215043 0.03421628 0.00149921    2.12000
0.00000000 0.00205702 0.03213323 0.00162201    2.14000
0.00000000 0.00240189 0.03329415 0.00146664    2.16000
0.00000000 0.00245222 0.03320666 0.00165753    2.18000
0.00000000 0.00214412 0.03326382 0.00095350    2.20000
0.00000000 0.00205404 0.03112226 0.00190435    2.22000
0.00000000 0.00224635 0.03590458 0.00140114    2.24000
0.00000000 0.00285290 0.03607575 0.00106632    2.26000
0.00000000 0.00282790 0.03507031 0.00173889    2.28000
0.00000000 0.00259825 0.03688826 0.00153010    2.30000
0.00000000 0.00359285 0.03317908 0.00118417    2.32000
0.00000000 0.00336054 0.03121487 0.00162157    2.34000
0.00000000 0.00333234 0.03428674 0.00183889    2.36000
0.00000000 0.00297397 0.03366909 0.00159265    2.38000
0.00000000 0.00347333 0.03509524 0.00200029    2.40000
0.00000000 0.00331479 0.03070769 0.00169976    2.42000
0.00000000 0.00341678 0.03516753 0.00123168    2.44000
0.00000000 0.00511525 0.03385869 0.00178608    2.46000
0.00000000 0.00399621 0.03123757 0.00180361    2.48000
0.00000000 0.00453043 0.03420090 0.00126126    2.50000
0.00000000 0.00480697 0.03324318 0.00107737    2.52000
0.00000000 0.00538859 0.03422239 0.00125658    2.54000
0.00000000 0.00424050 0.03530939 0.00116008    2.56000
0.00000000 0.00329288 0.03515881 0.00106606    2.58000
0.00000000 0.00405448 0.03670655 0.00117078    2.60000
0.00000000 0.00480421 0.03233985 0.00139159    2.62000
0.00000000 0.00441058 0.03400482 0.00110628    2.64000
0.00000000 0.00461391 0.03380931 0.00125621    2.66000
0.00000000 0.00504912 0.03461581 0.00129221    2.68000
0.00000000 0.00431270 0.03389365 0.00204706    2.70000
0.00000000 0.00451228 0.03573008 0.00139504    2.72000
0.00000000 0.00534126 0.03472288 0.00110535    2.74000
0.00000000 0.00547359 0.03430095 0.00170244    2.76000
0.00000000 0.00469842 0.03399840 0.00140251    2.78000
0.00000000 0.00505815 0.03218112 0.00140261    2.80000
0.00000000 0.00552481 0.03474685 0.00176204    2.82000
0.00000000 0.00504275 0.03455848 0.00138112    2.84000
0.00000000 0.00627313 0.03277529 0.00121589    2.86000
0.00000000 0.00622977 0.03375194 0.00162096    2.88000
0.00000000 0.00483011 0.03341131 0.00136215    2.90000
0.00000000 0.00565958 0.03523360 0.00141250    2.92000
0.00000000 0.00669184 0.03327982 0.00168869    2.94000
0.00000000 0.00590233 0.03209758 0.00152195    2.96000
0.00000000 0.00596851 0.03447370 0.00146743    2.98000
0.00000000 0.00603350 0.03529508 0.00150146    3.00000
0.00000000 0.00594156 0.03673174 0.00121158    3.02000
0.00000000 0.00647210 0.03654271 0.00109036    3.04000
0.00000000 0.00632727 0.03249394 0.00154310    3.06000
0.00000000 0.00654195 0.03392083 0.00173093    3.08000
0.00000000 0.00614427 0.03044934 0.00111593    3.10000
0.00000000 0.00787079 0.03323479 0.00136583    3.12000
0.00000000 0.00736995 0.03347547 0.00106463    3.14000
0.00000000 0.00732303 0.03451106 0.00115134    3.16000
0.00000000 0.00772290 0.03365042 0.00115330    3.18000
0.00000000 0.00737950 0.03339151 0.00131569    3.20000
0.00000000 0.00723588 0.03465311 0.00144794    3.22000
0.00000000 0.00855230 0.03424528 0.00092581    3.24000
0.00000000 0.00738854 0.03224701 0.00116456    3.26000
0.00000000 0.00777580 0.03209904 0.00133806    3.28000
0.00000000 0.00734741 0.03329019 0.00100111    3.30000
0.00000000 0.00791943 0.03389732 0.00153492    3.32000
0.00000000 0.00843778 0.03378934 0.00140724    3.34000
0.00000000 0.00913781 0.03297895 0.00105423    3.36000
0.00000000 0.00754666 0.03632864 0.00143267    3.38000
0.00000000 0.00810442 0.03208213 0.00128862    3.40000
0.00000000 0.00796470 0.03318561 0.00117970    3.42000
0.00000000 0.00942913 0.03455124 0.00118572    3.44000
0.00000000 0.00850984 0.03166407 0.00139229    3.46000
0.00000000 0.00945666 0.03202620 0.00110619    3.48000
0.00000000 0.00805315 0.03247428 0.00121837    3.50000
0.00000000 0.00872311 0.03417128 0.00208232    3.52000
0.00000000 0.00934117 0.03059425 0.00154150    3.54000
0.00000000 0.01119106 0.03405411 0.00156592    3.56000
0.00000000 0.00919303 0.03399651 0.00122063    3.58000
0.00000000 0.00922913 0.03118058 0.00129014    3.60000
0.00000000 0.00996183 0.03322992 0.00112545    3.62000
0.00000000 0.00878208 0.03222489 0.00108182    3.64000
0.00000000 0.01024009 0.03385852 0.00160139    3.66000
0.00000000 0.01022746 0.03238970 0.00137194    3.68000
0.00000000 0.00978929 0.03413265 0.00115411    3.70000
0.00000000 0.01007517 0.03403440 0.00170253    3.72000
0.00000000 0.00871624 0.03326267 0.00128429    3.74000
0.00000000 0.01088999 0.03472166 0.00112297    3.76000
0.00000000 0.01141578 0.03474699 0.00131204    3.78000
0.00000000 0.01031907 0.03477206 0.00155580    3.80000
0.00000000 0.00948242 0.03339344 0.00115392    3.82000
0.00000000 0.00947397 0.03790115 0.00132600    3.84000
0.00000000 0.01040426 0.03680656 0.00108717    3.86000
0.00000000 0.01043176 0.03523554 0.00113466    3.88000
0.00000000 0.01090384 0.03800691 0.00132894    3.90000
0.00000000 0.01036610 0.03805485 0.00114999    3.92000
0.00000000 0.01039289 0.03870266 0.00137084    3.94000
0.00000000 0.01093728 0.03834840 0.00150035    3.96000
0.00000000 0.01096153 0.04120708 0.00144609    3.98000
0.00000000 0.01177352 0.04044962 0.00150106    4.00000
0.00000000 0.01191081 0.04570170 0.00126822    4.02000
0.00000000 0.01079934 0.04543697 0.00155548    4.04000
0.00000000 0.01214322 0.04785505 0.00124702    4.06000
0.00000000 0.01239234 0.04715719 0.00124743    4.08000
0.00000000 0.01148682 0.05004341 0.00141867    4.10000
0.00000000 0.01204215 0.05098772 0.00134436    4.12000
0.00000000 0.01274508 0.05588477 0.00127626    4.14000
0.00000000 0.01139683 0.05470685 0.00150076    4.16000
0.00000000 0.01232259 0.06263333 0.00157371    4.18000
0.00000000 0.01121338 0.06252354 0.00142535    4.20000
0.00000000 0.01261615 0.06439562 0.00127765    4.22000
0.00000000 0.01329962 0.06691965 0.00157197    4.24000
0.00000000 0.01249789 0.06764288 0.00154082    4.26000
0.00000000 0.01295485 0.07281839 0.00154524    4.28000
0.00000000 0.01230846 0.07897292 0.00106639    4.30000
0.00000000 0.01396541 0.07835257 0.00091681    4.32000
0.00000000 0.01288473 0.08180836 0.00156704    4.34000
0.00000000 0.01195929 0.08617311 0.00107562    4.36000
0.00000000 0.01247915 0.09121833 0.00146845    4.38000
0.00000000 0.01360416 0.09188010 0.00116523    4.40000
0.00000000 0.01283035 0.09596183 0.00123975    4.42000
0.00000000 0.01330429 0.09791081 0.00170360    4.44000
0.00000000 0.01377515 0.09718979 0.00101930    4.46000
0.00000000 0.01237801 0.10147500 0.00131219    4.48000
0.00000000 0.01281253 0.10971834 0.00134323    4.50000
0.00000000 0.01282571 0.10609302 0.00106711    4.52000
0.00000000 0.01318478 0.11149869 0.00118994    4.54000
0.00000000 0.01468211 0.11851753 0.00148548    4.56000
0.00000000 0.01320783 0.11669229 0.00130981    4.58000
0.00000000 0.01397280 0.12558242 0.00139417    4.60000
0.00000000 0.01322970 0.12155713 0.00108001    4.62000
0.00000000 0.01412411 0.12779999 0.00095296    4.64000
0.00000000 0.01389420 0.13161967 0.00081677    4.66000
0.00000000 0.01289240 0.13179998 0.00118829    4.68000
0.00000000 0.01501641 0.13476468 0.00132511    4.70000
0.00000000 0.01505318 0.14061214 0.00132161    4.72000
0.00000000 0.01432496 0.14218346 0.00114280    4.74000
0.00000000 0.01462908 0.14470275 0.00152840    4.76000
0.00000000 0.01427152 0.15139260 0.00159081    4.78000
0.00000000 0.01473765 0.14971135 0.00120149    4.80000
0.00000000 0.01451201 0.15059708 0.00120318    4.82000
0.00000000 0.01552674 0.15555004 0.00131842    4.84000
0.00000000 0.01491104 0.16023509 0.00129778    4.86000
0.00000000 0.01443072 0.15822188 0.00152119    4.88000
0.00000000 0.01633252 0.16659285 0.00128739    4.90000
0.00000000 0.01482643 0.16607736 0.00141445    4.92000
0.00000000 0.01591392 0.17093159 0.00102268    4.94000
0.00000000 0.01632599 0.17024374 0.00163099    4.96000
0.00000000 0.01641922 0.17960455 0.00127535    4.98000
0.00000000 0.01635250 0.18216933 0.00099347    5.00000
0.00000000 0.01594325 0.18716525 0.00100014    5.02000
0.00000000 0.01547377 0.18874060 0.00126190    5.04000
0.00000000 0.01634570 0.19002289 0.00122702    5.06000
0.00000000 0.01677890 0.19791077 0.00116801    5.08000
0.00000000 0.01634208 0.20097246 0.00128333    5.10000
0.00000000 0.01553969 0.20129836 0.00120583    5.12000
0.00000000 0.01603037 0.20957241 0.00125770    5.14000
0.00000000 0.01651868 0.21145262 0.00113078    5.16000
0.00000000 0.01523824 0.21889271 0.00128235    5.18000
0.00000000 0.01608868 0.22108683 0.00173035    5.20000
0.00000000 0.01681134 0.22244802 0.00123319    5.22000
0.00000000 0.01686789 0.22915893 0.00094662    5.24000
0.00000000 0.01578514 0.23425898 0.00124029    5.26000
0.00000000 0.01650165 0.23184917 0.00102861    5.28000
0.00000000 0.01700412 0.23713884 0.00147029    5.30000
0.00000000 0.01628867 0.24695660 0.00113351    5.32000
0.00000000 0.01717184 0.24529464 0.00125605    5.34000
0.00000000 0.01734380 0.25144666 0.00122224    5.36000
0.00000000 0.01760066 0.25549987 0.00117474    5.38000
0.00000000 0.01718465 0.25832500 0.00148233    5.40000
0.00000000 0.01668579 0.26241036 0.00156432    5.42000
0.00000000 0.01717562 0.26835124 0.00102736    5.44000
0.00000000 0.01797696 0.27213886 0.00138642    5.46000
0.00000000 0.01722210 0.27106107 0.00119742    5.48000
0.00000000 0.01607139 0.27696325 0.00126169    5.50000
0.00000000 0.01792531 0.27896333 0.00145616    5.52000
0.00000000 0.01908342 0.28935211 0.00114895    5.54000
0.00000000 0.01833507 0.29282602 0.00104366    5.56000
0.00000000 0.01747865 0.28900678 0.00166171    5.58000
0.00000000 0.01890706 0.29454250 0.00124658    5.60000
0.00000000 0.01721437 0.29344001 0.00137522    5.62000
0.00000000 0.01779570 0.30359368 0.00114151    5.64000
0.00000000 0.01795612 0.30458609 0.00112011    5.66000
0.00000000 0.01828022 0.30268196 0.00153898    5.68000
0.00000000 0.01827190 0.30826665 0.00148632    5.70000
0.00000000 0.01751900 0.30829429 0.00112852    5.72000
0.00000000 0.01817194 0.31049379 0.00129156    5.74000
0.00000000 0.01707005 0.31078751 0.00146021    5.76000
0.00000000 0.01842790 0.31785069 0.00112179    5.78000
0.00000000 0.01928720 0.31808985 0.00131760    5.80000
0.00000000 0.01846400 0.31743251 0.00145347    5.82000
0.00000000 0.01791427 0.32286014 0.00109140    5.84000
0.00000000 0.01884809 0.31930927 0.00116705    5.86000
0.00000000 0.01937475 0.31680246 0.00148443    5.88000
0.00000000 0.01815883 0.32367513 0.00113420    5.90000
0.00000000 0.01887004 0.31981085 0.00169484    5.92000
0.00000000 0.01880689 0.32404989 0.00153271    5.94000
0.00000000 0.01900811 0.32386466 0.00129249    5.96000
0.00000000 0.01989295 0.32043435 0.00151054    5.98000
0.00000000 0.01764745 0.31734254 0.00145882    6.00000
0.00000000 0.01832170 0.32166462 0.00112359    6.02000
0.00000000 0.01959020 0.32415508 0.00116227    6.04000
0.00000000 0.02015015 0.31779991 0.00133573    6.06000
0.00000000 0.01891822 0.32405081 0.00112366    6.08000
0.00000000 0.01810710 0.32006628 0.00138750    6.10000
0.00000000 0.01925858 0.32191050 0.00113401    6.12000
0.00000000 0.01950282 0.32045234 0.00140095    6.14000
0.00000000 0.02005324 0.32113032 0.00125487    6.16000
0.00000000 0.01930023 0.31664484 0.00105192    6.18000
0.00000000 0.02017800 0.31771259 0.00133001    6.20000
0.00000000 0.01877094 0.31953476 0.00115207    6.22000
0.00000000 0.01969571 0.31441449 0.00113493    6.24000
0.00000000 0.02051391 0.31769797 0.00130942    6.26000
0.00000000 0.02135175 0.31902526 0.00133442    6.28000
0.00000000 0.02130856 0.31290301 0.00159886    6.30000
0.00000000 0.01927250 0.31483647 0.00147077    6.32000
0.00000000 0.01903673 0.31531375 0.00105368    6.34000
0.00000000 0.01917579 0.30953382 0.00112006    6.36000
0.00000000 0.02116513 0.30678369 0.00148382    6.38000
0.00000000 0.02033493 0.30940268 0.00134757    6.40000
0.00000000 0.02117994 0.30568660 0.00094629    6.42000
0.00000000 0.01979440 0.30976338 0.00106131    6.44000
0.00000000 0.02075662 0.30189082 0.00132356    6.46000
0.00000000 0.02188466 0.30078998 0.00133077    6.48000
0.00000000 0.02118716 0.29889451 0.00135664    6.50000
0.00000000 0.01955152 0.29616329 0.00140751    6.52000
0.00000000 0.02100997 0.29697265 0.00117834    6.54000
0.00000000 0.02046410 0.29934117 0.00171884    6.56000
0.00000000 0.02133598 0.29612968 0.00136854    6.58000
0.00000000 0.02034172 0.29434874 0.00119045    6.60000
0.00000000 0.02118336 0.29007481 0.00108968    6.62000
0.00000000 0.01993398 0.29174615 0.00174449    6.64000
0.00000000 0.02131630 0.29153501 0.00144940    6.66000
0.00000000 0.02141798 0.28825307 0.00114548    6.68000
0.00000000 0.02121217 0.28623942 0.00106136    6.70000
0.00000000 0.02086770 0.28635190 0.00097387    6.72000
0.00000000 0.02059605 0.28081923 0.00129805    6.74000
0.00000000 0.02041876 0.28157756 0.00129633    6.76000
0.00000000 0.01984689 0.27858284 0.00118661    6.78000
0.00000000 0.02064636 0.27948258 0.00141100    6.80000
0.00000000 0.02176376 0.27697446 0.00136344    6.82000
0.00000000 0.02020268 0.26998055 0.00135308    6.84000
0.00000000 0.02106291 0.26827410 0.00114877    6.86000
0.00000000 0.02061125 0.26678406 0.00122007    6.88000
0.00000000 0.02068870 0.27131978 0.00140547    6.90000
0.00000000 0.02342922 0.27010331 0.00105854    6.92000
0.00000000 0.02122802 0.26443540 0.00135124    6.94000
0.00000000 0.02066773 0.26338175 0.00135003    6.96000
0.00000000 0.02124139 0.25891898 0.00110843    6.98000
0.00000000 0.02091083 0.25921767 0.00126184    7.00000
0.00000000 0.02309589 0.25888500 0.00125391    7.02000
0.00000000 0.02126194 0.25803845 0.00114517    7.04000
0.00000000 0.02233997 0.25652586 0.00130029    7.06000
0.00000000 0.02343422 0.25528938 0.00132658    7.08000
0.00000000 0.02165933 0.25652797 0.00113196    7.10000
0.00000000 0.02314794 0.25110775 0.00149483    7.12000
0.00000000 0.02264133 0.24969780 0.00110882    7.14000
0.00000000 0.02288654 0.24900130 0.00112737    7.16000
0.00000000 0.02290918 0.24709933 0.00125927    7.18000
0.00000000 0.02208079 0.24645775 0.00108209    7.20000
0.00000000 0.02302223 0.24627891 0.00123660    7.22000
0.00000000 0.02337227 0.24442200 0.00130812    7.24000
0.00000000 0.02356834 0.24044422 0.00130192    7.26000
0.00000000 0.02237883 0.23922072 0.00141751    7.28000
0.00000000 0.02302997 0.24150747 0.00111335    7.30000
0.00000000 0.02240723 0.24255238 0.00144093    7.32000
0.00000000 0.02318367 0.23638602 0.00106717    7.34000
0.00000000 0.02205047 0.23825428 0.00139656    7.36000
0.00000000 0.02380559 0.23318118 0.00116661    7.38000
0.00000000 0.02288900 0.23355456 0.00125687    7.40000
0.00000000 0.02456718 0.22943635 0.00137977    7.42000
0.00000000 0.02363341 0.23338282 0.00134502    7.44000
0.00000000 0.02285144 0.23146698 0.00121312    7.46000
0.00000000 0.02308637 0.23019459 0.00123102    7.48000
0.00000000 0.02363316 0.22989732 0.00126846    7.50000
0.00000000 0.02359196 0.22668332 0.00118844    7.52000
0.00000000 0.02290256 0.22373762 0.00111436    7.54000
0.00000000 0.02319591 0.22519314 0.00137366    7.56000
0.00000000 0.02286507 0.22816152 0.00111688    7.58000
0.00000000 0.02311601 0.22500664 0.00107497    7.60000
0.00000000 0.02386146 0.22288358 0.00108589    7.62000
0.00000000 0.02326150 0.22300351 0.00120867    7.64000
0.00000000 0.02357244 0.22260752 0.00115360    7.66000
0.00000000 0.02322357 0.22174075 0.00110505    7.68000
0.00000000 0.02303961 0.21878698 0.00103537    7.70000
0.00000000 0.02324612 0.22126823 0.00098881    7.72000
0.00000000 0.02403997 0.22163557 0.00143814    7.74000
0.00000000 0.02336946 0.22242830 0.00110110    7.76000
0.00000000 0.02478723 0.22431285 0.00102505    7.78000
0.00000000 0.02466358 0.22141055 0.00112365    7.80000
0.00000000 0.02347166 0.21349562 0.00107317    7.82000
0.00000000 0.02321116 0.21752328 0.00105193    7.84000
0.00000000 0.02351208 0.21413808 0.00126859    7.86000
0.00000000 0.02421321 0.21718191 0.00128820    7.88000
0.00000000 0.02377138 0.21699253 0.00112697    7.90000
0.00000000 0.02283584 0.21164068 0.00130866    7.92000
0.00000000 0.02450586 0.21705413 0.00136161    7.94000
0.00000000 0.02393028 0.21270095 0.00135097    7.96000
0.00000000 0.02343533 0.21644237 0.00114533    7.98000
0.00000000 0.02444079 0.21529009 0.00128760    8.00000
0.00000000 0.02320065 0.21664390 0.00103751    8.02000
0.00000000 0.02410238 0.21229572 0.00120370    8.04000
0.00000000 0.02263538 0.20934041 0.00132327    8.06000
0.00000000 0.02353439 0.21026897 0.00117493    8.08000
0.00000000 0.02388460 0.21092004 0.00120938    8.10000
0.00000000 0.02429098 0.21044006 0.00124929    8.12000
0.00000000 0.02395994 0.21454033 0.00113392    8.14000
0.00000000 0.02450176 0.21035792 0.00124562    8.16000
0.00000000 0.02528899 0.21409092 0.00123253    8.18000
0.00000000 0.02436253 0.20910196 0.00117942    8.20000
0.00000000 0.02372684 0.20913168 0.00139476    8.22000
0.00000000 0.02431982 0.20720665 0.00113544    8.24000
0.00000000 0.02485142 0.21003180 0.00092654    8.26000
0.00000000 0.02509748 0.21065023 0.00090692    8.28000
0.00000000 0.02515087 0.20989594 0.00095514    8.30000
0.00000000 0.02505089 0.21079641 0.00118544    8.32000
0.00000000 0.02508538 0.20675099 0.00110503    8.34000
0.00000000 0.02538333 0.20827798 0.00108198    8.36000
0.00000000 0.02438291 0.20506810 0.00102267    8.38000
0.00000000 0.02458676 0.20779491 0.00125343    8.40000
0.00000000 0.02445303 0.20501398 0.00121527    8.42000
0.00000000 0.02452738 0.20712932 0.00112098    8.44000
0.00000000 0.02588412 0.20566965 0.00115081    8.46000
0.00000000 0.02443017 0.20885349 0.00126225    8.48000
0.00000000 0.02418800 0.20360687 0.00109760    8.50000
0.00000000 0.02529556 0.20544619 0.00120082    8.52000
0.00000000 0.02589919 0.20590863 0.00148623    8.54000
0.00000000 0.02613283 0.20059493 0.00088343    8.56000
0.00000000 0.02489742 0.20542831 0.00090899    8.58000
0.00000000 0.02443631 0.20199492 0.00104880    8.60000
0.00000000 0.02589589 0.20299231 0.00109517    8.62000
0.00000000 0.02532510 0.20144465 0.00124101    8.64000
0.00000000 0.02395737 0.20269399 0.00121892    8.66000
0.00000000 0.02486497 0.20093583 0.00112325    8.68000
0.00000000 0.02486123 0.20261622 0.00131065    8.70000
0.00000000 0.02556367 0.19860265 0.00116321    8.72000
0.00000000 0.02545058 0.19464356 0.00121217    8.74000
0.00000000 0.02490721 0.19877841 0.00105555    8.76000
0.00000000 0.02477789 0.19604197 0.00096463    8.78000
0.00000000 0.02404123 0.19692483 0.00109640    8.80000
0.00000000 0.02555956 0.19710544 0.00101196    8.82000
0.00000000 0.02610554 0.19485578 0.00105084    8.84000
0.00000000 0.02544329 0.19309750 0.00102002    8.86000
0.00000000 0.02458727 0.19143604 0.00114806    8.88000
0.00000000 0.02486696 0.18894811 0.00096460    8.90000
0.00000000 0.02618963 0.19222498 0.00125415    8.92000
0.00000000 0.02665978 0.18956976 0.00087983    8.94000
0.00000000 0.02434930 0.19002832 0.00099152    8.96000
0.00000000 0.02445288 0.18607090 0.00106330    8.98000
0.00000000 0.02564035 0.18893903 0.00118981    9.00000
0.00000000 0.02495685 0.18235793 0.00124201    9.02000
0.00000000 0.02636390 0.18511678 0.00083680    9.04000
0.00000000 0.02407991 0.18150142 0.00099607    9.06000
0.00000000 0.02513867 0.18350216 0.00117733    9.08000
0.00000000 0.02454713 0.17785847 0.00126790    9.10000
0.00000000 0.02587225 0.18204021 0.00093037    9.12000
0.00000000 0.02607642 0.17808306 0.00107274    9.14000
0.00000000 0.02476340 0.17871183 0.00133664    9.16000
0.00000000 0.02654371 0.17364378 0.00120766    9.18000
0.00000000 0.02569959 0.17525788 0.00120542    9.20000
0.00000000 0.02533605 0.17335372 0.00128094    9.22000
0.00000000 0.02500673 0.17116724 0.00130497    9.24000
0.00000000 0.02466395 0.16965532 0.00116938    9.26000
0.00000000 0.02573143 0.17235322 0.00121863    9.28000
0.00000000 0.02504987 0.16573398 0.00132484    9.30000
0.00000000 0.02626394 0.16529399 0.00121818    9.32000
0.00000000 0.02514425 0.16658053 0.00098504    9.34000
0.00000000 0.02499175 0.16624184 0.00147781    9.36000
0.00000000 0.02463343 0.16329497 0.00126601    9.38000
0.00000000 0.02481706 0.16318311 0.00100863    9.40000
0.00000000 0.02571670 0.16069111 0.00113863    9.42000
0.00000000 0.02536124 0.15725609 0.00107699    9.44000
0.00000000 0.02559086 0.15331807 0.00119846    9.46000
0.00000000 0.02508751 0.15439429 0.00090302    9.48000
0.00000000 0.02593079 0.15589822 0.00111034    9.50000
0.00000000 0.02602702 0.15236938 0.00125791    9.52000
0.00000000 0.02664632 0.15165298 0.00106919    9.54000
0.00000000 0.02510861 0.14730526 0.00109281    9.56000
0.00000000 0.02630531 0.14417910 0.00106591    9.58000
0.00000000 0.02628353 0.14491544 0.00108701    9.60000
0.00000000 0.02519915 0.14385931 0.00096889    9.62000
0.00000000 0.02496669 0.13992420 0.00112628    9.64000
0.00000000 0.02577711 0.14064843 0.00104790    9.66000
0.00000000 0.02507455 0.13955870 0.00128576    9.68000
0.00000000 0.02625588 0.13844089 0.00090032    9.70000
0.00000000 0.02558606 0.13474426 0.00135938    9.72000
0.00000000 0.02684402 0.13372198 0.00095227    9.74000
0.00000000 0.02535165 0.13299516 0.00116636    9.76000
0.00000000 0.02536343 0.12728147 0.00114407    9.78000
0.00000000 0.02613183 0.12779552 0.00124946    9.80000
0.00000000 0.02557922 0.12552517 0.00134799    9.82000
0.00000000 0.02500236 0.12377765 0.00135457    9.84000
0.00000000 0.02533382 0.12394329 0.00125428    9.86000
0.00000000 0.02580935 0.11950455 0.00106068    9.88000
0.00000000 0.02691609 0.12026840 0.00111361    9.90000
0.00000000 0.02665780 0.11552061 0.00104996    9.92000
0.00000000 0.02478149 0.11554262 0.00127964    9.94000
0.00000000 0.02621619 0.11450214 0.00130815    9.96000
0.00000000 0.02641784 0.11140857 0.00134355    9.98000
0.00000000 0.02502535 0.11241787 0.00100066    10.00000
0.00000000 0.02635867 0.11011312 0.00107940    10.02000
0.00000000 0.02582064 0.10923331 0.00113876    10.04000
0.00000000 0.02656640 0.10901636 0.00121322    10.06000
0.00000000 0.02537351 0.10737446 0.00110008    10.08000
0.00000000 0.02599321 0.10667729 0.00110851    10.10000
0.00000000 0.02727841 0.10298646 0.00132672    10.12000
0.00000000 0.02707224 0.10050949 0.00133520    10.14000
0.00000000 0.02549968 0.09995429 0.00116172    10.16000
0.00000000 0.02634486 0.09847041 0.00141859    10.18000
0.00000000 0.02637143 0.09946980 0.00118184    10.20000
0.00000000 0.02658211 0.09623093 0.00118430    10.22000
0.00000000 0.02571510 0.09380673 0.00103660    10.24000
0.00000000 0.02504925 0.09453227 0.00118904    10.26000
0.00000000 0.02549081 0.09402590 0.00085881    10.28000
0.00000000 0.02744330 0.09260145 0.00106478    10.30000
0.00000000 0.02589597 0.09182530 0.00126796    10.32000
0.00000000 0.02607551 0.09002875 0.00127941    10.34000
0.00000000 0.02611299 0.08929104 0.00090502    10.36000
0.00000000 0.02519979 0.08896701 0.00110190    10.38000
0.00000000 0.02628652 0.08943392 0.00097092    10.40000
0.00000000 0.02724727 0.08644313 0.00107893    10.42000
0.00000000 0.02610940 0.08311584 0.00117633    10.44000
0.00000000 0.02645150 0.08508611 0.00110447    10.46000
0.00000000 0.02530453 0.08156310 0.00091130    10.48000
0.00000000 0.02572185 0.08029478 0.00118119    10.50000
0.00000000 0.02571524 0.08069777 0.00119781    10.52000
0.00000000 0.02729612 0.08186347 0.00148624    10.54000
0.00000000 0.02603573 0.07937533 0.00126495    10.56000
0.00000000 0.02649308 0.07921049 0.00109831    10.58000
0.00000000 0.02626416 0.07679633 0.00112274    10.60000
0.00000000 0.02738645 0.07733597 0.00106541    10.62000
0.00000000 0.02659278 0.07676025 0.00114031    10.64000
0.00000000 0.02695744 0.07366787 0.00122678    10.66000
0.00000000 0.02717349 0.07382582 0.00124750    10.68000
0.00000000 0.02631039 0.07292038 0.00105752    10.70000
0.00000000 0.02611720 0.07453777 0.00108315    10.72000
0.00000000 0.02666770 0.07104606 0.00111449    10.74000
0.00000000 0.02557950 0.07145725 0.00096600    10.76000
0.00000000 0.02676145 0.07026987 0.00111704    10.78000
0.00000000 0.02699894 0.07116359 0.00111881    10.80000
0.00000000 0.02679195 0.07203941 0.00101051    10.82000
0.00000000 0.02835356 0.07037669 0.00108545    10.84000
0.00000000 0.02628749 0.06808015 0.00137528    10.86000
0.00000000 0.02665861 0.06667761 0.00104494    10.88000
0.00000000 0.02679650 0.06900429 0.00122333    10.90000
0.00000000 0.02573842 0.06757625 0.00106205    10.92000
0.00000000 0.02654023 0.06756833 0.00092550    10.94000
0.00000000 0.02667861 0.06764690 0.00110291    10.96000
0.00000000 0.02645889 0.06589827 0.00103399    10.98000
0.00000000 0.02630918 0.06593652 0.00116201    11.00000
0.00000000 0.02650297 0.06325136 0.00109702    11.02000
0.00000000 0.02584196 0.06415267 0.00095889    11.04000
0.00000000 0.02653602 0.06383683 0.00121062    11.06000
0.00000000 0.02611696 0.06333681 0.00119218    11.08000
0.00000000 0.02607196 0.06258246 0.00105030    11.10000
0.00000000 0.02656169 0.06218591 0.00109009    11.12000
0.00000000 0.02514392 0.06132290 0.00100975    11.14000
0.00000000 0.02611425 0.06315210 0.00086850    11.16000
0.00000000 0.02609438 0.06096241 0.00109572    11.18000
0.00000000 0.02624487 0.06174213 0.00116758    11.20000
0.00000000 0.02734943 0.06315256 0.00093314    11.22000
0.00000000 0.02633251 0.06087618 0.00094664    11.24000
0.00000000 0.02487187 0.06036134 0.00100334    11.26000
0.00000000 0.02616720 0.06018440 0.00116863    11.28000
0.00000000 0.02712536 0.06035753 0.00108900    11.30000
0.00000000 0.02675782 0.06034866 0.00127577    11.32000
0.00000000 0.02721049 0.06288880 0.00105656    11.34000
0.00000000 0.02581951 0.05882934 0.00121358    11.36000
0.00000000 0.02620262 0.06033612 0.00110485    11.38000
0.00000000 0.02630741 0.05664175 0.00108571    11.40000
0.00000000 0.02657961 0.05824390 0.00100619    11.42000
0.00000000 0.02592686 0.05932958 0.00118906    11.44000
0.00000000 0.02625025 0.05997042 0.00112316    11.46000
0.00000000 0.02694593 0.05784344 0.00089990    11.48000
0.00000000 0.02698274 0.05825113 0.00135895    11.50000
0.00000000 0.02748198 0.05721772 0.00115058    11.52000
0.00000000 0.02579956 0.05806309 0.00120917    11.54000
0.00000000 0.02680162 0.05729318 0.00113263    11.56000
0.00000000 0.02621237 0.05705791 0.00129586    11.58000
0.00000000 0.02632649 0.05901578 0.00116959    11.60000
0.00000000 0.02587552 0.05688885 0.00130905    11.62000
0.00000000 0.02729244 0.05645194 0.00100283    11.64000
0.00000000 0.02709742 0.05861752 0.00118310    11.66000
0.00000000 0.02620039 0.05621820 0.00091254    11.68000
0.00000000 0.02668019 0.05807978 0.00100436    11.70000
0.00000000 0.02679724 0.05698341 0.00118182    11.72000
0.00000000 0.02630969 0.05646932 0.00118570    11.74000
0.00000000 0.02730614 0.05507048 0.00101342    11.76000
0.00000000 0.02660429 0.05594251 0.00102635    11.78000
0.00000000 0.02593177 0.05647693 0.00092088    11.80000
0.00000000 0.02628921 0.05598054 0.00099259    11.82000
0.00000000 0.02653826 0.05579267 0.00101223    11.84000
0.00000000 0.02609332 0.05577857 0.00117949    11.86000
0.00000000 0.02671088 0.05424875 0.00080094    11.88000
0.00000000 0.02640375 0.05411783 0.00110151    11.90000
0.00000000 0.02687144 0.05564381 0.00100874    11.92000
0.00000000 0.02644372 0.05466431 0.00096627    11.94000
0.00000000 0.02629398 0.05432203 0.00083894    11.96000
0.00000000 0.02649955 0.05435009 0.00084623    11.98000
0.00000000 0.02619520 0.05414111 0.00120427    12.00000
0.00000000 0.02728762 0.05520755 0.00095062    12.02000
0.00000000 0.02613313 0.05247886 0.00084395    12.04000
0.00000000 0.02612940 0.05363621 0.00092532    12.06000
0.00000000 0.02681219 0.05539124 0.00099422    12.08000
0.00000000 0.02653551 0.05330239 0.00099661    12.10000
0.00000000 0.02563478 0.05355337 0.00091700    12.12000
0.00000000 0.02639656 0.05350425 0.00112564    12.14000
0.00000000 0.02724638 0.05441658 0.00104993    12.16000
0.00000000 0.02625715 0.05437917 0.00092390    12.18000
0.00000000 0.02638156 0.05423831 0.00089809    12.20000
0.00000000 0.02735536 0.05514496 0.00106208    12.22000
0.00000000 0.02714400 0.05461614 0.00135920    12.24000
0.00000000 0.02687080 0.05365097 0.00095517    12.26000
0.00000000 0.02659490 0.05439979 0.00099596    12.28000
0.00000000 0.02584803 0.05247492 0.00110515    12.30000
0.00000000 0.02776929 0.05342836 0.00123212    12.32000
0.00000000 0.02657824 0.05462194 0.00101474    12.34000
0.00000000 0.02690530 0.05236097 0.00096446    12.36000
0.00000000 0.02613754 0.05240405 0.00110615    12.38000
0.00000000 0.02681858 0.05443429 0.00090612    12.40000
0.00000000 0.02674897 0.05350727 0.00113787    12.42000
0.00000000 0.02746327 0.05450066 0.00131217    12.44000
0.00000000 0.02557595 0.05328493 0.00090822    12.46000
0.00000000 0.02576246 0.05328821 0.00099168    12.48000
0.00000000 0.02546966 0.05418872 0.00103597    12.50000
0.00000000 0.02575530 0.05338305 0.00112693    12.52000
0.00000000 0.02634487 0.05304604 0.00109728    12.54000
0.00000000 0.02630019 0.05101221 0.00096781    12.56000
0.00000000 0.02658252 0.05252591 0.00112258    12.58000
0.00000000 0.02638985 0.05275603 0.00102422    12.60000
0.00000000 0.02570081 0.05162104 0.00109966    12.62000
0.00000000 0.02562215 0.05372648 0.00106609    12.64000
0.00000000 0.02580489 0.05279318 0.00095328    12.66000
0.00000000 0.02696760 0.05349484 0.00114952    12.68000
0.00000000 0.02581119 0.05245290 0.00117898    12.70000
0.00000000 0.02662449 0.05294176 0.00091024    12.72000
0.00000000 0.02618576 0.05220154 0.00093655    12.74000
0.00000000 0.02656535 0.05285021 0.00100136    12.76000
0.00000000 0.02655990 0.05149442 0.00108916    12.78000
0.00000000 0.02582765 0.05226557 0.00095765    12.80000
0.00000000 0.02572637 0.05275092 0.00090724    12.82000
0.00000000 0.02660560 0.05146313 0.00097718    12.84000
0.00000000 0.02635810 0.05216932 0.00083520    12.86000
0.00000000 0.02578882 0.05178175 0.00112587    12.88000
0.00000000 0.02629750 0.05159132 0.00117493    12.90000
0.00000000 0.02672052 0.05113249 0.00106303    12.92000
0.00000000 0.02585168 0.05248185 0.00108248    12.94000
0.00000000 0.02572292 0.05263251 0.00101564    12.96000
0.00000000 0.02672973 0.05217420 0.00098286    12.98000
0.00000000 0.02645995 0.05126768 0.00095904    13.00000
0.00000000 0.02606894 0.05104339 0.00104291    13.02000
0.00000000 0.02631639 0.05149820 0.00096235    13.04000
0.00000000 0.02669911 0.05193951 0.00093967    13.06000
0.00000000 0.02609072 0.05167900 0.00140444    13.08000
0.00000000 0.02601510 0.05140721 0.00088535    13.10000
0.00000000 0.02617734 0.05190686 0.00097204    13.12000
0.00000000 0.02533790 0.05170769 0.00085130    13.14000
0.00000000 0.02520380 0.05165317 0.00110437    13.16000
0.00000000 0.02580810 0.05141904 0.00125391    13.18000
0.00000000 0.02668808 0.05050345 0.00103653    13.20000
0.00000000 0.02638483 0.05218369 0.00093491    13.22000
0.00000000 0.02540506 0.05051803 0.00093383    13.24000
0.00000000 0.02630595 0.05150220 0.00093524    13.26000
0.00000000 0.02599383 0.05099645 0.00104181    13.28000
0.00000000 0.02622562 0.05091982 0.00113485    13.30000
0.00000000 0.02499190 0.05076040 0.00099471    13.32000
0.00000000 0.02499312 0.05201068 0.00109862    13.34000
0.00000000 0.02643629 0.04960346 0.00098952    13.36000
0.00000000 0.02652524 0.05046211 0.00098764    13.38000
0.00000000 0.02583939 0.05049295 0.00100573    13.40000
0.00000000 0.02574524 0.05108874 0.00105781    13.42000
0.00000000 0.02605455 0.05048383 0.00088601    13.44000
0.00000000 0.02648606 0.05113655 0.00097042    13.46000
0.00000000 0.02643200 0.05149434 0.00094317    13.48000
0.00000000 0.02638297 0.05051707 0.00106135    13.50000
0.00000000 0.02577298 0.05048913 0.00105628    13.52000
0.00000000 0.02566337 0.05018126 0.00111752    13.54000
0.00000000 0.02595428 0.05140047 0.00092788    13.56000
0.00000000 0.02579932 0.04948681 0.00120906    13.58000
0.00000000 0.02492803 0.04980903 0.00121296    13.60000
0.00000000 0.02709817 0.04926039 0.00095898    13.62000
0.00000000 0.02611184 0.04852805 0.00095803    13.64000
0.00000000 0.02589051 0.05014553 0.00090160    13.66000
0.00000000 0.02574703 0.04892901 0.00078759    13.68000
0.00000000 0.02545566 0.05026444 0.00099932    13.70000
0.00000000 0.02670394 0.05075543 0.00099455    13.72000
0.00000000 0.02635213 0.04858903 0.00108668    13.74000
0.00000000 0.02557311 0.04978136 0.00090937    13.76000
0.00000000 0.02648316 0.04978941 0.00089423    13.78000
0.00000000 0.02542826 0.05035838 0.00108198    13.80000
0.00000000 0.02558315 0.04999977 0.00098690    13.82000
0.00000000 0.02615222 0.05007596 0.00102702    13.84000
0.00000000 0.02623763 0.04939965 0.00103169    13.86000
0.00000000 0.02529425 0.04902121 0.00100268    13.88000
0.00000000 0.02538237 0.04981450 0.00100289    13.90000
0.00000000 0.02616958 0.04925497 0.00090577    13.92000
0.00000000 0.02554692 0.04850438 0.00104824    13.94000
0.00000000 0.02621033 0.04816335 0.00116218    13.96000
0.00000000 0.02442309 0.04976695 0.00115264    13.98000
0.00000000 0.02477316 0.04795813 0.00098137    14.00000
0.00000000 0.02586201 0.04905039 0.00089566    14.02000
0.00000000 0.02560702 0.04786660 0.00096847    14.04000
0.00000000 0.02671310 0.04883229 0.00098574    14.06000
0.00000000 0.02525547 0.04806732 0.00093804    14.08000
0.00000000 0.02621313 0.04854820 0.00089297    14.10000
0.00000000 0.02613342 0.04681240 0.00085226    14.12000
0.00000000 0.02541661 0.04578539 0.00107503    14.14000
0.00000000 0.02480045 0.04820875 0.00100696    14.16000
0.00000000 0.02537767 0.04672588 0.00099307    14.18000
0.00000000 0.02553856 0.04669349 0.00097495    14.20000
0.00000000 0.02624318 0.04808325 0.00102890    14.22000
0.00000000 0.02593434 0.04738339 0.00101729    14.24000
0.00000000 0.02452885 0.04607617 0.00097989    14.26000
0.00000000 0.02505363 0.04644315 0.00112806    14.28000
0.00000000 0.02608631 0.04604681 0.00092841    14.30000
0.00000000 0.02620621 0.04644590 0.00091864    14.32000
0.00000000 0.02493895 0.04545574 0.00083430    14.34000
0.00000000 0.02613114 0.04512844 0.00099885    14.36000
0.00000000 0.02589780 0.04643900 0.00086136    14.38000
0.00000000 0.02515037 0.04454239 0.00108925    14.40000
0.00000000 0.02547526 0.04503940 0.00086596    14.42000
0.00000000 0.02470921 0.04557880 0.00098878    14.44000
0.00000000 0.02531942 0.04534099 0.00100463    14.46000
0.00000000 0.02478413 0.04490745 0.00102712    14.48000
0.00000000 0.02548611 0.04398482 0.00093461    14.50000
0.00000000 0.02571293 0.04553457 0.00088913    14.52000
0.00000000 0.02511329 0.04473313 0.00082067    14.54000
0.00000000 0.02541129 0.04330456 0.00095998    14.56000
0.00000000 0.02547401 0.04418790 0.00097505    14.58000
0.00000000 0.02444851 0.04466845 0.00087231    14.60000
0.00000000 0.02596466 0.04490996 0.00100978    14.62000
0.00000000 0.02620547 0.04441700 0.00100830    14.64000
0.00000000 0.02504508 0.04347276 0.00095473    14.66000
0.00000000 0.02588791 0.04471577 0.00107526    14.68000
0.00000000 0.02434432 0.04519233 0.00099312    14.70000
0.00000000 0.02517638 0.04375719 0.00090140    14.72000
0.00000000 0.02440793 0.04370857 0.00093710    14.74000
0.00000000 0.02550088 0.04374572 0.00111272    14.76000
0.00000000 0.02564855 0.04261765 0.00081707    14.78000
0.00000000 0.02355209 0.04300844 0.00079287    14.80000
0.00000000 0.02564365 0.04397382 0.00108983    14.82000
0.00000000 0.02566420 0.04341424 0.00092402    14.84000
0.00000000 0.02550021 0.04239900 0.00092393    14.86000
0.00000000 0.02570078 0.04208723 0.00082903    14.88000
0.00000000 0.02462756 0.04296385 0.00088254    14.90000
0.00000000 0.02474293 0.04397578 0.00101358    14.92000
0.00000000 0.02474312 0.04235189 0.00098920    14.94000
0.00000000 0.02508203 0.04196793 0.00100950    14.96000
0.00000000 0.02524206 0.04128968 0.00104883    14.98000
0.00000000 0.02474659 0.04199301 0.00087432    15.00000
0.00000000 0.02502644 0.04167417 0.00072197    15.02000
0.00000000 0.02469137 0.04241713 0.00089306    15.04000
0.00000000 0.02393700 0.04172091 0.00103964    15.06000
0.00000000 0.02452213 0.04141417 0.00081076    15.08000
0.00000000 0.02475140 0.04174648 0.00100998    15.10000
0.00000000 0.02517294 0.04092852 0.00087948    15.12000
0.00000000 0.02455634 0.04182409 0.00088862    15.14000
0.00000000 0.02486561 0.04144589 0.00090788    15.16000
0.00000000 0.02398576 0.04238005 0.00087859    15.18000
0.00000000 0.02499759 0.04202289 0.00086323    15.20000
0.00000000 0.02405538 0.04138641 0.00083702    15.22000
0.00000000 0.02451663 0.04016069 0.00092758    15.24000
0.00000000 0.02484665 0.04002527 0.00099054    15.26000
0.00000000 0.02499950 0.04024174 0.00087369    15.28000
0.00000000 0.02435996 0.04056091 0.00080285    15.30000
0.00000000 0.02470884 0.04001299 0.00083004    15.32000
0.00000000 0.02585520 0.04057881 0.00094958    15.34000
0.00000000 0.02380355 0.03980600 0.00099463    15.36000
0.00000000 0.02532483 0.03945637 0.00087416    15.38000
0.00000000 0.02375430 0.04002071 0.00104101    15.40000
0.00000000 0.02475883 0.03980490 0.00091560    15.42000
0.00000000 0.02509350 0.03928268 0.00100180    15.44000
0.00000000 0.02353783 0.03848588 0.00084773    15.46000
0.00000000 0.02476626 0.04079380 0.00089082    15.48000
0.00000000 0.02439076 0.03883512 0.00085605    15.50000
0.00000000 0.02400030 0.03939589 0.00082315    15.52000
0.00000000 0.02558227 0.03824722 0.00087974    15.54000
0.00000000 0.02397494 0.03999529 0.00085914    15.56000
0.00000000 0.02508690 0.03853443 0.00085549    15.58000
0.00000000 0.02446294 0.03898131 0.00102259    15.60000
0.00000000 0.02458717 0.03881005 0.00102781    15.62000
0.00000000 0.02470136 0.03736641 0.00091613    15.64000
0.00000000 0.02455047 0.03737926 0.00094664    15.66000
0.00000000 0.02465917 0.03715024 0.00095937    15.68000
0.00000000 0.02471424 0.03740484 0.00089633    15.70000
0.00000000 0.02441353 0.03778945 0.00072137    15.72000
0.00000000 0.02360458 0.03641650 0.00092649    15.74000
0.00000000 0.02399544 0.03639036 0.00100240    15.76000
0.00000000 0.02468805 0.03751570 0.00099096    15.78000
0.00000000 0.02455578 0.03670827 0.00103514    15.80000
0.00000000 0.02460605 0.03711130 0.00086469    15.82000
0.00000000 0.02441916 0.03584761 0.00084985    15.84000
0.00000000 0.02402873 0.03677869 0.00093865    15.86000
0.00000000 0.02443652 0.03589666 0.00092704    15.88000
0.00000000 0.02466065 0.03544413 0.00073469    15.90000
0.00000000 0.02358347 0.03627296 0.00084585    15.92000
0.00000000 0.02495249 0.03563277 0.00090353    15.94000
0.00000000 0.02560910 0.03500409 0.00083933    15.96000
0.00000000 0.02286405 0.03562273 0.00095116    15.98000
0.00000000 0.02530322 0.03527212 0.00100429    16.00000
0.00000000 0.02419660 0.03515908 0.00091758    16.02000
0.00000000 0.02403434 0.03599191 0.00085872    16.04000
0.00000000 0.02387676 0.03494367 0.00092524    16.06000
0.00000000 0.02420996 0.03504762 0.00084206    16.08000
0.00000000 0.02440115 0.03436624 0.00090735    16.10000
0.00000000 0.02366690 0.03310829 0.00078966    16.12000
0.00000000 0.02426439 0.03431049 0.00076374    16.14000
0.00000000 0.02367934 0.03459069 0.00087739    16.16000
0.00000000 0.02451391 0.03364960 0.00068542    16.18000
0.00000000 0.02386996 0.03329599 0.00082690    16.20000
0.00000000 0.02397299 0.03377122 0.00089278    16.22000
0.00000000 0.02309695 0.03341834 0.00094422    16.24000
0.00000000 0.02338789 0.03277481 0.00100547    16.26000
0.00000000 0.02410228 0.03300631 0.00090866    16.28000
0.00000000 0.02345209 0.03269443 0.00114179    16.30000
0.00000000 0.02469724 0.03309004 0.00089489    16.32000
0.00000000 0.02380897 0.03300122 0.00104126    16.34000
0.00000000 0.02351159 0.03348240 0.00095062    16.36000
0.00000000 0.02331996 0.03092402 0.00082383    16.38000
0.00000000 0.02399860 0.03145474 0.00090889    16.40000
0.00000000 0.02380641 0.03141645 0.00095337    16.42000
0.00000000 0.02351932 0.03125331 0.00100429    16.44000
0.00000000 0.02367337 0.03188728 0.00082193    16.46000
0.00000000 0.02334726 0.03135966 0.00091875    16.48000
0.00000000 0.02321219 0.03077586 0.00088836    16.50000
0.00000000 0.02360835 0.03019348 0.00084922    16.52000
0.00000000 0.02374699 0.03054864 0.00082294    16.54000
0.00000000 0.02313875 0.03109376 0.00094527    16.56000
0.00000000 0.02425019 0.02996040 0.00072901    16.58000
0.00000000 0.02333760 0.03024793 0.00084537    16.60000
0.00000000 0.02329361 0.02985982 0.00084711    16.62000
0.00000000 0.02337830 0.02899788 0.00094647    16.64000
0.00000000 0.02492110 0.03031925 0.00067463    16.66000
0.00000000 0.02334763 0.02918413 0.00081289    16.68000
0.00000000 0.02332862 0.02989662 0.00102982    16.70000
0.00000000 0.02431574 0.02918050 0.00078146    16.72000
0.00000000 0.02313994 0.02864543 0.00092963    16.74000
0.00000000 0.02337771 0.02935601 0.00075179    16.76000
0.00000000 0.02344417 0.02929279 0.00068004    16.78000
0.00000000 0.02338256 0.02800712 0.00104145    16.80000
0.00000000 0.02316303 0.02877228 0.00091801    16.82000
0.00000000 0.02298287 0.02885072 0.00091868    16.84000
0.00000000 0.02361898 0.02884463 0.00073120    16.86000
0.00000000 0.02397866 0.02823951 0.00093632    16.88000
0.00000000 0.02291155 0.02697203 0.00090425    16.90000
0.00000000 0.02295199 0.02799536 0.00078956    16.92000
0.00000000 0.02414829 0.02745867 0.00087840    16.94000
0.00000000 0.02288303 0.02842312 0.00072291    16.96000
0.00000000 0.02261573 0.02708696 0.00081148    16.98000
0.00000000 0.02381000 0.02745476 0.00077480    17.00000
0.00000000 0.02367190 0.02825800 0.00069062    17.02000
0.00000000 0.02307416 0.02706582 0.00081321    17.04000
0.00000000 0.02299950 0.02699706 0.00069705    17.06000
0.00000000 0.02288264 0.02677120 0.00088389    17.08000
0.00000000 0.02293749 0.02677687 0.00080187    17.10000
0.00000000 0.02342293 0.02611804 0.00069639    17.12000
0.00000000 0.02273130 0.02558057 0.00091867    17.14000
0.00000000 0.02308195 0.02651756 0.00093329    17.16000
0.00000000 0.02192070 0.02686378 0.00089330    17.18000
0.00000000 0.02343189 0.02607930 0.00093520    17.20000
0.00000000 0.02275494 0.02534252 0.00084040    17.22000
0.00000000 0.02373116 0.02577138 0.00084969    17.24000
0.00000000 0.02321924 0.02542114 0.00078497    17.26000
0.00000000 0.02255126 0.02614151 0.00077235    17.28000
0.00000000 0.02311311 0.02600171 0.00071153    17.30000
0.00000000 0.02210676 0.02596258 0.00077491    17.32000
0.00000000 0.02272667 0.02504879 0.00073824    17.34000
0.00000000 0.02309113 0.02636696 0.00088487    17.36000
0.00000000 0.02332180 0.02486390 0.00077179    17.38000
0.00000000 0.02310225 0.02459016 0.00084554    17.40000
0.00000000 0.02308904 0.02594967 0.00094398    17.42000
0.00000000 0.02331177 0.02464251 0.00072749    17.44000
0.00000000 0.02292657 0.02449665 0.00082875    17.46000
0.00000000 0.02302089 0.02527312 0.00077481    17.48000
0.00000000 0.02252481 0.02461224 0.00076489    17.50000
0.00000000 0.02228473 0.02389876 0.00099763    17.52000
0.00000000 0.02381306 0.02476333 0.00077855    17.54000
0.00000000 0.02317242 0.02387135 0.00074365    17.56000
0.00000000 0.02241127 0.02468904 0.00093177    17.58000
0.00000000 0.02217341 0.02528942 0.00084553    17.60000
0.00000000 0.02282183 0.02420260 0.00074542    17.62000
0.00000000 0.02349725 0.02406769 0.00068166    17.64000
0.00000000 0.02218501 0.02467568 0.00081571    17.66000
0.00000000 0.02227403 0.02342344 0.00085544    17.68000
0.00000000 0.02262018 0.02339698 0.00076329    17.70000
0.00000000 0.02260181 0.02359351 0.00087483    17.72000
0.00000000 0.02237327 0.02406570 0.00087134    17.74000
0.00000000 0.02174291 0.02369164 0.00094207    17.76000
0.00000000 0.02216515 0.02335398 0.00085067    17.78000
0.00000000 0.02165395 0.02331000 0.00083356    17.80000
0.00000000 0.02181762 0.02315972 0.00079993    17.82000
0.00000000 0.02253132 0.02300092 0.00096421    17.84000
0.00000000 0.02236030 0.02315211 0.00089197    17.86000
0.00000000 0.02256021 0.02290531 0.00083049    17.88000
0.00000000 0.02237008 0.02242072 0.00070491    17.90000
0.00000000 0.02228305 0.02269550 0.00085476    17.92000
0.00000000 0.02288451 0.02261736 0.00086203    17.94000
0.00000000 0.02289940 0.02238985 0.00071761    17.96000
0.00000000 0.02273825 0.02222435 0.00071058    17.98000
0.00000000 0.02296984 0.02241034 0.00079436    18.00000
0.00000000 0.02309813 0.02180678 0.00073644    18.02000
0.00000000 0.02199981 0.02137972 0.00104090    18.04000
0.00000000 0.02227980 0.02162727 0.00086836    18.06000
0.00000000 0.02169105 0.02164706 0.00090432    18.08000
0.00000000 0.02218627 0.02161442 0.00079668    18.10000
0.00000000 0.02245734 0.02120690 0.00088180    18.12000
0.00000000 0.02118283 0.02079157 0.00076417    18.14000
0.00000000 0.02147302 0.02040325 0.00098159    18.16000
0.00000000 0.02215868 0.02090229 0.00067356    18.18000
0.00000000 0.02104685 0.02058415 0.00083568    18.20000
0.00000000 0.02266198 0.02079572 0.00065451    18.22000
0.00000000 0.02245627 0.02215895 0.00086204    18.24000
0.00000000 0.02186209 0.02062905 0.00080420    18.26000
0.00000000 0.02184567 0.02105596 0.00071854    18.28000
0.00000000 0.02184893 0.02073076 0.00079209    18.30000
0.00000000 0.02127677 0.02126875 0.00081008    18.32000
0.00000000 0.02243543 0.02022896 0.00072177    18.34000
0.00000000 0.02153268 0.02038766 0.00073908    18.36000
0.00000000 0.02111315 0.02027952 0.00067997    18.38000
0.00000000 0.02200101 0.01981095 0.00100484    18.40000
0.00000000 0.02183921 0.02056147 0.00085734    18.42000
0.00000000 0.02147542 0.01999078 0.00085007    18.44000
0.00000000 0.02225201 0.02014888 0.00081234    18.46000
0.00000000 0.02152180 0.01937468 0.00076132    18.48000
0.00000000 0.02203404 0.01924271 0.00076725    18.50000
0.00000000 0.02160374 0.01971678 0.00090838    18.52000
0.00000000 0.02138373 0.01943132 0.00078490    18.54000
0.00000000 0.02148959 0.01913797 0.00070703    18.56000
0.00000000 0.02128709 0.01958511 0.00083084    18.58000
0.00000000 0.02196112 0.01955557 0.00075128    18.60000
0.00000000 0.02171032 0.01882176 0.00071748    18.62000
0.00000000 0.02115742 0.01865747 0.00073387    18.64000
0.00000000 0.02129665 0.01917941 0.00074319    18.66000
0.00000000 0.02169351 0.01919272 0.00077169    18.68000
0.00000000 0.02076424 0.01751608 0.00073997    18.70000
0.00000000 0.02245865 0.01892384 0.00068976    18.72000
0.00000000 0.02234536 0.01870130 0.00078032    18.74000
0.00000000 0.02170163 0.01726637 0.00080939    18.76000
0.00000000 0.02129374 0.01745833 0.00064133    18.78000
0.00000000 0.02169630 0.01755744 0.00065793    18.80000
0.00000000 0.02111313 0.01801735 0.00065446    18.82000
0.00000000 0.02117354 0.01810726 0.00080337    18.84000
0.00000000 0.02201754 0.01709109 0.00066868    18.86000
0.00000000 0.02134471 0.01760025 0.00078398    18.88000
0.00000000 0.02133833 0.01835914 0.00089906    18.90000
0.00000000 0.02198921 0.01705362 0.00083417    18.92000
0.00000000 0.02168929 0.01697722 0.00081000    18.94000
0.00000000 0.02158428 0.01739268 0.00073712    18.96000
0.00000000 0.02109321 0.01702471 0.00075724    18.98000
0.00000000 0.02120839 0.01752241 0.00087105    19.00000
0.00000000 0.02097653 0.01715508 0.00081470    19.02000
0.00000000 0.02132247 0.01745242 0.00077698    19.04000
0.00000000 0.02088676 0.01642272 0.00068342    19.06000
0.00000000 0.02191023 0.01643036 0.00077160    19.08000
0.00000000 0.02090899 0.01570171 0.00078688    19.10000
0.00000000 0.02092831 0.01604065 0.00071619    19.12000
0.00000000 0.02075423 0.01628807 0.00082656    19.14000
0.00000000 0.02042777 0.01627933 0.00080721    19.16000
0.00000000 0.02058608 0.01570216 0.00077815    19.18000
0.00000000 0.02123233 0.01607261 0.00086249    19.20000
0.00000000 0.02093263 0.01683690 0.00069527    19.22000
0.00000000 0.02168173 0.01666337 0.00070686    19.24000
0.00000000 0.02146774 0.01600615 0.00074194    19.26000
0.00000000 0.02081939 0.01530933 0.00077589    19.28000
0.00000000 0.02110197 0.01518704 0.00072886    19.30000
0.00000000 0.02091016 0.01601372 0.00073044    19.32000
0.00000000 0.02104954 0.01525369 0.00081183    19.34000
0.00000000 0.02132994 0.01612756 0.00077600    19.36000
0.00000000 0.02052908 0.01595602 0.00069135    19.38000
0.00000000 0.02093783 0.01598844 0.00085552    19.40000
0.00000000 0.02029919 0.01503629 0.00085334    19.42000
0.00000000 0.02150031 0.01555728 0.00078477    19.44000
0.00000000 0.02002479 0.01520027 0.00065012    19.46000
0.00000000 0.02037279 0.01541991 0.00074603    19.48000
0.00000000 0.02074816 0.01520152 0.00070439    19.50000
0.00000000 0.02094452 0.01489454 0.00078181    19.52000
0.00000000 0.02048205 0.01552623 0.00067858    19.54000
0.00000000 0.02072360 0.01438747 0.00080855    19.56000
0.00000000 0.02121349 0.01541382 0.00062159    19.58000
0.00000000 0.02036719 0.01423720 0.00080888    19.60000
0.00000000 0.02010996 0.01499584 0.00084990    19.62000
0.00000000 0.01976922 0.01502080 0.00068965    19.64000
0.00000000 0.02069063 0.01458760 0.00067171    19.66000
0.00000000 0.02003966 0.01466913 0.00069312    19.68000
0.00000000 0.02033056 0.01471841 0.00066569    19.70000
0.00000000 0.02013558 0.01413458 0.00074158    19.72000
0.00000000 0.02076000 0.01472062 0.00073305    19.74000
0.00000000 0.02085522 0.01432989 0.00075584    19.76000
0.00000000 0.02005716 0.01427546 0.00070131    19.78000
0.00000000 0.02093827 0.01424509 0.00087542    19.80000
0.00000000 0.01943396 0.01429450 0.00066231    19.82000
0.00000000 0.02137389 0.01490928 0.00067158    19.84000
0.00000000 0.02074159 0.01397134 0.00073161    19.86000
0.00000000 0.01999960 0.01416395 0.00073703    19.88000
0.00000000 0.02049426 0.01461820 0.00076601    19.90000
0.00000000 0.02059593 0.01427830 0.00059735    19.92000
0.00000000 0.02044962 0.01431154 0.00076504    19.94000
0.00000000 0.02054189 0.01412304 0.00070010    19.96000
0.00000000 0.02051421 0.01413264 0.00075966    19.98000

#   *** Simulation REPORT: ***
#       Fraction of energy detected (over the mean energy of the spectrum): 92.817%
#       Maximum energy detected in pixel 0: (x,y)=(0,0) -> pixel value = 922006.410919 eV/cm^2
#       Simulated x rays:    1006720000
#       Simulation time [s]: 1.59
#       Speed [x-rays/sec]:  634392502.63

